19 4400 0 
39 4850 0 
140 4625 605 
160 5100 0 
204 5550 0 
305 5275 1244 
325 5800 0 
345 6350 0 
378 6700 0 
398 7150 0 
499 6800 6164 
527 7000 0 
547 7325 0 
567 7525 0 
668 7150 2947 
780 6800 6277 
802 7025 0 
822 7375 0 
923 7025 2542 
943 7200 0 
1044 6850 1966 
1064 7075 0 
1165 6725 5329 
1190 6950 0 
1314 6700 3 
1415 6375 1494 
1435 6750 0 
1536 6425 1779 
1556 6750 0 
1657 6425 2145 
1692 6575 0 
1712 6975 0 
1732 7250 0 
1833 6900 1926 
1858 6950 0 
1959 6625 5066 
1980 6850 0 
2081 6525 5837 
2103 6750 0 
2204 6425 1488 
2224 6800 0 
2325 6475 1829 
2345 6775 0 
2446 6450 998 
2466 6750 0 
2567 6425 2118 
2587 6675 0 
2688 6350 1493 
2708 6700 0 
2809 6375 2072 
2829 6700 0 
2930 6800 0 
2950 7100 0 
3051 6750 2505 
3071 6950 0 
3172 6625 2184 
3192 6950 0 
3217 7075 0 
3237 7300 0 
3257 7475 0 
3280 7575 0 
3300 7650 0 
3401 7325 5 
3422 7375 0 
3523 7025 6502 
3545 7100 0 
3646 6750 6056 
3670 6950 0 
3690 7250 0 
3710 7375 0 
3741 7325 0 
3761 7450 0 
3781 7550 0 
3882 7175 7706 
3905 7250 0 
3925 7375 0 
3945 7450 0 
3965 7575 0 
4001 7525 0 
4025 7575 0 
4126 7200 5796 
4151 7300 0 
4171 7425 0 
4191 7500 0 
4211 7575 0 
4312 7200 7963 
4416 6850 5428 
4436 7125 0 
4456 7375 0 
4557 7025 2461 
4577 7225 0 
4678 6875 1787 
4698 7050 0 
4799 6700 2333 
4824 6925 0 
4894 7025 0 
4914 7300 0 
4934 7400 0 
5035 7050 6358 
5136 6700 5137 
5156 6975 0 
5176 7300 0 
5277 6950 5376 
5297 7075 0 
5398 6725 2170 
5418 7000 0 
5519 6650 1874 
5560 6800 0 
5580 7125 0 
5600 7375 0 
5701 7025 4688 
5721 7200 0 
5822 6850 4662 
5842 7050 0 
5862 7275 0 
5882 7475 0 
5902 7600 0 
6003 7225 4101 
6030 7300 0 
6050 7500 0 
6072 7575 0 
6173 7200 1836 
6194 7325 0 
6217 7500 0 
6237 7650 0 
6257 7725 0 
6368 7425 4 
6389 7325 1 
6490 7025 5 
