  QueueTimes | ServiceTimes | SojournTimes

       0.053 |        0.089 |        0.142
       0.170 |        0.055 |        0.225
       0.077 |        0.045 |        0.122
       0.053 |        0.176 |        0.228
       0.052 |        0.312 |        0.364
       0.160 |        0.314 |        0.474
       0.052 |        0.215 |        0.268
       0.052 |        0.245 |        0.297
       0.069 |        0.282 |        0.351
       0.389 |        0.262 |        0.651
       0.326 |        0.263 |        0.588
       0.602 |        0.314 |        0.916
       0.626 |        0.229 |        0.855
       0.333 |        0.256 |        0.589
       0.053 |        0.232 |        0.285
       0.176 |        0.300 |        0.477
       0.447 |        0.222 |        0.669
       0.157 |        0.255 |        0.412
       0.165 |        0.273 |        0.438
       0.122 |        0.239 |        0.362
       0.114 |        0.230 |        0.344
       0.073 |        0.216 |        0.289
       0.209 |        0.202 |        0.410
       0.365 |        0.203 |        0.568
       0.134 |        0.214 |        0.348
       0.385 |        0.198 |        0.583
       0.052 |        0.213 |        0.265
       0.033 |        0.201 |        0.234
       0.067 |        0.218 |        0.285
       0.070 |        0.245 |        0.316
       0.165 |        0.256 |        0.420
       0.419 |        0.287 |        0.706
       0.249 |        0.216 |        0.465
       0.384 |        0.211 |        0.596
       0.388 |        0.225 |        0.613
       0.164 |        0.261 |        0.424
       0.309 |        0.204 |        0.513
       0.385 |        0.198 |        0.583
       0.053 |        0.215 |        0.268
       0.147 |        0.317 |        0.465
       0.498 |        0.201 |        0.699
       0.156 |        0.244 |        0.400
       0.072 |        0.274 |        0.346
       0.137 |        0.235 |        0.372
       0.320 |        0.206 |        0.526
       0.479 |        0.199 |        0.678
       0.567 |        0.214 |        0.781
       0.766 |        0.200 |        0.966
       0.501 |        0.236 |        0.737
       0.052 |        0.251 |        0.303
       0.067 |        0.237 |        0.304
       0.052 |        0.233 |        0.285
       0.052 |        0.199 |        0.251
       0.097 |        0.212 |        0.309
       0.291 |        0.267 |        0.558
       0.223 |        0.198 |        0.421
       0.015 |        0.205 |        0.220
       0.069 |        0.224 |        0.293
       0.243 |        0.208 |        0.451
       0.219 |        0.219 |        0.437
       0.073 |        0.202 |        0.275
       0.124 |        0.218 |        0.342
       0.004 |        0.209 |        0.213
       0.053 |        0.242 |        0.295
       0.058 |        0.259 |        0.317
       0.132 |        0.409 |        0.541
       0.287 |        0.239 |        0.526
       0.319 |        0.230 |        0.549
       0.547 |        0.202 |        0.748
       0.640 |        0.206 |        0.846
       0.327 |        0.217 |        0.543
       0.052 |        0.201 |        0.253
       0.165 |        0.256 |        0.421
       0.158 |        0.220 |        0.378
       0.111 |        0.241 |        0.352
       0.053 |        0.247 |        0.300
       0.052 |        0.252 |        0.304
       0.270 |        0.216 |        0.486
       0.314 |        0.201 |        0.515
       0.184 |        0.214 |        0.398
       0.429 |        0.210 |        0.639
       0.163 |        0.228 |        0.390
       0.163 |        0.241 |        0.404
       0.170 |        0.213 |        0.383
       0.166 |        0.213 |        0.380
       0.118 |        0.203 |        0.321
       0.349 |        0.262 |        0.610
       0.044 |        0.207 |        0.251
       0.002 |        0.200 |        0.202
       0.074 |        0.245 |        0.319
       0.052 |        0.248 |        0.300
       0.069 |        0.224 |        0.293
       0.329 |        0.206 |        0.535
       0.531 |        0.211 |        0.742
       0.066 |        0.269 |        0.336
       0.068 |        0.221 |        0.289
       0.324 |        0.216 |        0.540
       0.218 |        0.198 |        0.417
       0.062 |        0.213 |        0.275
       0.191 |        0.199 |        0.390
       0.052 |        0.207 |        0.259
       0.068 |        0.237 |        0.305
       0.179 |        0.211 |        0.390
       0.196 |        0.206 |        0.402
       0.261 |        0.218 |        0.480
       0.463 |        0.216 |        0.679
       0.052 |        0.233 |        0.284
       0.301 |        0.231 |        0.532
       0.486 |        0.211 |        0.698
       0.560 |        0.197 |        0.757
       0.470 |        0.196 |        0.667
       0.338 |        0.206 |        0.544
       0.507 |        0.263 |        0.769
       0.052 |        0.213 |        0.265
       0.052 |        0.201 |        0.253
       0.090 |        0.247 |        0.336
       0.101 |        0.239 |        0.340
       0.388 |        0.206 |        0.594
       0.618 |        0.212 |        0.830
       0.533 |        0.215 |        0.747
       0.114 |        0.202 |        0.317
       0.053 |        0.219 |        0.272
       0.245 |        0.211 |        0.456
       0.390 |        0.199 |        0.589
       0.157 |        0.226 |        0.383
       0.354 |        0.234 |        0.588
       0.059 |        0.210 |        0.269
       0.161 |        0.245 |        0.407
       0.298 |        0.218 |        0.516
       0.280 |        0.229 |        0.509
       0.165 |        0.232 |        0.397
       0.071 |        0.278 |        0.349
       0.095 |        0.247 |        0.342
       0.052 |        0.200 |        0.252
       0.176 |        0.303 |        0.479
       0.128 |        0.233 |        0.361
       0.303 |        0.209 |        0.512
       0.268 |        0.199 |        0.467
       0.052 |        0.201 |        0.253
       0.158 |        0.226 |        0.385
       0.102 |        0.217 |        0.319
       0.319 |        0.216 |        0.535
       0.053 |        0.225 |        0.277
       0.179 |        0.222 |        0.400
       0.070 |        0.238 |        0.308
       0.067 |        0.220 |        0.287
       0.066 |        0.227 |        0.293
       0.313 |        0.222 |        0.535
       0.455 |        0.216 |        0.672
       0.181 |        0.212 |        0.393
       0.199 |        0.214 |        0.413
       0.319 |        0.209 |        0.527
       0.481 |        0.253 |        0.733
       0.685 |        0.219 |        0.904
       0.403 |        0.199 |        0.602
       0.194 |        0.222 |        0.416
       0.052 |        0.214 |        0.266
       0.303 |        0.211 |        0.514
       0.052 |        0.214 |        0.266
       0.310 |        0.245 |        0.555
       0.234 |        0.229 |        0.463
       0.468 |        0.208 |        0.676
       0.166 |        0.208 |        0.374
       0.216 |        0.244 |        0.460
       0.053 |        0.210 |        0.263
       0.208 |        0.216 |        0.424
       0.070 |        0.247 |        0.317
       0.208 |        0.200 |        0.408
       0.387 |        0.224 |        0.612
       0.563 |        0.215 |        0.778
       0.760 |        0.207 |        0.968
       0.776 |        0.283 |        1.059
       0.900 |        0.228 |        1.127
       0.736 |        0.215 |        0.951
       0.280 |        0.210 |        0.489
       0.052 |        0.216 |        0.268
       0.056 |        0.307 |        0.363
       0.189 |        0.243 |        0.432
       0.175 |        0.237 |        0.412
       0.321 |        0.237 |        0.558
       0.331 |        0.266 |        0.596
       0.471 |        0.258 |        0.730
       0.653 |        0.238 |        0.891
       0.562 |        0.245 |        0.807
       0.054 |        0.258 |        0.312
       0.067 |        0.270 |        0.337
       0.141 |        0.252 |        0.393
       0.132 |        0.255 |        0.387
       0.070 |        0.248 |        0.317
       0.361 |        0.256 |        0.618
       0.117 |        0.250 |        0.367
       0.309 |        0.235 |        0.544
       0.517 |        0.251 |        0.769
       0.167 |        0.275 |        0.441
       0.028 |        0.249 |        0.277
       0.111 |        0.284 |        0.395
       0.083 |        0.236 |        0.320
       0.154 |        0.272 |        0.426
       0.278 |        0.248 |        0.525
       0.072 |        0.255 |        0.327
       0.352 |        0.250 |        0.602
       0.053 |        0.237 |        0.290
       0.052 |        0.249 |        0.301
       0.223 |        0.253 |        0.475
       0.475 |        0.246 |        0.721
       0.155 |        0.248 |        0.403
       0.298 |        0.233 |        0.531
       0.338 |        0.250 |        0.588
       0.501 |        0.259 |        0.760
       0.489 |        0.250 |        0.739
       0.168 |        0.267 |        0.434
       0.471 |        0.248 |        0.719
       0.751 |        0.257 |        1.008
       0.606 |        0.366 |        0.972
       0.818 |        0.377 |        1.196
       0.858 |        0.237 |        1.095
       0.882 |        0.253 |        1.135
       0.165 |        0.264 |        0.429
       0.192 |        0.303 |        0.495
       0.472 |        0.289 |        0.760
       0.307 |        0.294 |        0.601
       0.072 |        0.312 |        0.384
       0.068 |        0.438 |        0.505
       0.140 |        0.279 |        0.419
       0.186 |        0.354 |        0.540
       0.529 |        0.295 |        0.825
       0.669 |        0.316 |        0.986
       0.986 |        0.266 |        1.252
       1.291 |        0.271 |        1.562
       0.640 |        0.255 |        0.895
       0.384 |        0.394 |        0.777
       0.226 |        0.244 |        0.469
       0.410 |        0.324 |        0.734
       0.568 |        0.262 |        0.831
       0.801 |        0.265 |        1.066
       0.987 |        0.266 |        1.253
       0.858 |        0.243 |        1.101
       1.133 |        0.246 |        1.380
       0.707 |        0.262 |        0.969
       0.975 |        0.264 |        1.238
       0.056 |        0.312 |        0.368
       0.133 |        0.255 |        0.387
       0.069 |        0.277 |        0.345
       0.053 |        0.240 |        0.293
       0.052 |        0.265 |        0.317
       0.279 |        0.238 |        0.517
       0.136 |        0.255 |        0.391
       0.057 |        0.257 |        0.314
       0.013 |        0.254 |        0.267
       0.053 |        0.262 |        0.315
       0.053 |        0.238 |        0.291
       0.052 |        0.250 |        0.302
       0.056 |        0.237 |        0.294
       0.053 |        0.235 |        0.288
       0.317 |        0.233 |        0.551
       0.227 |        0.271 |        0.498
       0.519 |        0.221 |        0.740
       0.724 |        0.200 |        0.924
       0.561 |        0.200 |        0.760
       0.326 |        0.212 |        0.538
       0.052 |        0.221 |        0.274
       0.052 |        0.200 |        0.252
       0.066 |        0.238 |        0.305
       0.010 |        0.217 |        0.227
       0.067 |        0.234 |        0.301
       0.178 |        0.200 |        0.378
       0.252 |        0.215 |        0.467
       0.127 |        0.198 |        0.325
       0.229 |        0.199 |        0.428
       0.011 |        0.258 |        0.269
       0.189 |        0.226 |        0.416
       0.071 |        0.248 |        0.319
       0.228 |        0.201 |        0.429
       0.167 |        0.236 |        0.404
       0.053 |        0.224 |        0.276
       0.174 |        0.218 |        0.392
       0.172 |        0.228 |        0.400
       0.160 |        0.214 |        0.374
       0.350 |        0.213 |        0.563
       0.058 |        0.226 |        0.283
       0.264 |        0.216 |        0.481
       0.467 |        0.201 |        0.668
       0.495 |        0.255 |        0.751
       0.081 |        0.203 |        0.284
       0.122 |        0.206 |        0.328
       0.052 |        0.235 |        0.287
       0.219 |        0.216 |        0.435
       0.180 |        0.223 |        0.402
       0.106 |        0.205 |        0.310
       0.073 |        0.241 |        0.314
       0.265 |        0.207 |        0.472
       0.431 |        0.203 |        0.634
       0.433 |        0.210 |        0.643
       0.406 |        0.214 |        0.620
       0.131 |        0.198 |        0.329
       0.337 |        0.201 |        0.537
       0.178 |        0.231 |        0.409
       0.079 |        0.230 |        0.309
       0.257 |        0.239 |        0.496
       0.519 |        0.214 |        0.733
       0.402 |        0.210 |        0.612
       0.488 |        0.213 |        0.701
       0.298 |        0.206 |        0.503
       0.073 |        0.222 |        0.294
       0.158 |        0.212 |        0.370
       0.053 |        0.225 |        0.278
       0.172 |        0.219 |        0.391
       0.328 |        0.217 |        0.545
       0.053 |        0.203 |        0.255
       0.256 |        0.202 |        0.458
       0.179 |        0.233 |        0.412
       0.407 |        0.218 |        0.625
       0.395 |        0.220 |        0.614
       0.092 |        0.205 |        0.297
       0.073 |        0.338 |        0.410
       0.069 |        0.294 |        0.362
       0.180 |        0.210 |        0.390
       0.098 |        0.221 |        0.319
       0.121 |        0.202 |        0.324
       0.053 |        0.237 |        0.290
       0.288 |        0.211 |        0.499
       0.219 |        0.218 |        0.437
       0.339 |        0.199 |        0.538
       0.175 |        0.212 |        0.387
       0.053 |        0.211 |        0.264
       0.078 |        0.202 |        0.281
       0.068 |        0.225 |        0.293
       0.293 |        0.200 |        0.493
       0.201 |        0.227 |        0.428
       0.120 |        0.198 |        0.318
       0.162 |        0.222 |        0.385
       0.347 |        0.206 |        0.554
       0.551 |        0.210 |        0.761
       0.537 |        0.201 |        0.738
       0.206 |        0.214 |        0.420
       0.351 |        0.231 |        0.582
       0.518 |        0.206 |        0.724
       0.334 |        0.198 |        0.531
       0.131 |        0.201 |        0.332
       0.141 |        0.211 |        0.351
       0.053 |        0.205 |        0.258
       0.216 |        0.199 |        0.414
       0.104 |        0.221 |        0.325
       0.109 |        0.201 |        0.310
       0.172 |        0.212 |        0.384
       0.191 |        0.220 |        0.411
       0.123 |        0.202 |        0.325
       0.052 |        0.205 |        0.258
       0.172 |        0.211 |        0.383
       0.203 |        0.203 |        0.406
       0.242 |        0.215 |        0.457
       0.418 |        0.250 |        0.668
       0.163 |        0.219 |        0.382
       0.232 |        0.250 |        0.482
       0.060 |        0.201 |        0.261
       0.210 |        0.219 |        0.429
       0.107 |        0.203 |        0.310
       0.196 |        0.293 |        0.489
       0.075 |        0.226 |        0.301
       0.052 |        0.227 |        0.279
       0.018 |        0.216 |        0.233
       0.187 |        0.199 |        0.386
       0.052 |        0.199 |        0.251
       0.177 |        0.251 |        0.428
       0.300 |        0.203 |        0.502
       0.348 |        0.219 |        0.568
       0.052 |        0.202 |        0.254
       0.161 |        0.201 |        0.362
       0.167 |        0.211 |        0.378
       0.378 |        0.200 |        0.579
       0.199 |        0.217 |        0.417
       0.180 |        0.306 |        0.487
       0.352 |        0.198 |        0.551
       0.368 |        0.277 |        0.646
       0.240 |        0.230 |        0.470
       0.197 |        0.198 |        0.395
       0.174 |        0.225 |        0.399
       0.415 |        0.215 |        0.630
       0.229 |        0.225 |        0.454
       0.160 |        0.240 |        0.399
       0.386 |        0.208 |        0.594
       0.071 |        0.227 |        0.298
       0.052 |        0.201 |        0.253
       0.282 |        0.204 |        0.486
       0.416 |        0.216 |        0.632
       0.315 |        0.213 |        0.529
       0.052 |        0.229 |        0.281
       0.170 |        0.218 |        0.388
       0.053 |        0.243 |        0.295
       0.052 |        0.311 |        0.363
       0.019 |        0.203 |        0.222
       0.065 |        0.197 |        0.262
       0.009 |        0.226 |        0.234
       0.111 |        0.217 |        0.328
       0.304 |        0.200 |        0.504
       0.068 |        0.238 |        0.306
       0.142 |        0.203 |        0.345
       0.061 |        0.252 |        0.313
       0.055 |        0.282 |        0.337
       0.240 |        0.205 |        0.445
       0.030 |        0.239 |        0.269
       0.173 |        0.249 |        0.423
       0.359 |        0.254 |        0.613
       0.073 |        0.224 |        0.297
       0.052 |        0.245 |        0.298
       0.052 |        0.204 |        0.257
       0.064 |        0.247 |        0.311
       0.304 |        0.237 |        0.542
       0.024 |        0.213 |        0.237
       0.058 |        0.219 |        0.276
       0.319 |        0.414 |        0.733
       0.054 |        0.260 |        0.313
       0.052 |        0.228 |        0.280
       0.288 |        0.209 |        0.498
       0.372 |        0.199 |        0.571
       0.513 |        0.203 |        0.716
       0.059 |        0.357 |        0.416
       0.011 |        0.235 |        0.246
       0.072 |        0.268 |        0.340
       0.052 |        0.201 |        0.253
       0.008 |        0.201 |        0.209
       0.133 |        0.240 |        0.374
       0.260 |        0.232 |        0.492
       0.390 |        0.198 |        0.588
       0.302 |        0.201 |        0.503
       0.094 |        0.232 |        0.325
       0.245 |        0.209 |        0.454
       0.078 |        0.253 |        0.332
       0.166 |        0.232 |        0.398
       0.014 |        0.216 |        0.230
       0.209 |        0.244 |        0.452
       0.143 |        0.215 |        0.358
       0.045 |        0.217 |        0.262
       0.244 |        0.214 |        0.458
       0.053 |        0.211 |        0.264
       0.058 |        0.208 |        0.266
       0.174 |        0.278 |        0.452
       0.428 |        0.222 |        0.650
       0.168 |        0.216 |        0.384
       0.158 |        0.227 |        0.385
       0.378 |        0.210 |        0.588
       0.403 |        0.222 |        0.625
       0.034 |        0.389 |        0.423
       0.034 |        0.214 |        0.248
       0.200 |        0.199 |        0.400
       0.347 |        0.202 |        0.549
       0.031 |        0.207 |        0.238
       0.171 |        0.221 |        0.393
       0.225 |        0.204 |        0.429
       0.052 |        0.214 |        0.267
       0.071 |        0.271 |        0.342
       0.215 |        0.214 |        0.429
       0.374 |        0.201 |        0.575
       0.575 |        0.199 |        0.774
       0.120 |        0.199 |        0.318
       0.267 |        0.216 |        0.484
       0.052 |        0.247 |        0.299
       0.056 |        0.228 |        0.284
       0.196 |        0.233 |        0.429
       0.320 |        0.227 |        0.546
       0.053 |        0.206 |        0.259
       0.178 |        0.214 |        0.391
       0.190 |        0.204 |        0.394
       0.184 |        0.251 |        0.435
       0.005 |        0.208 |        0.214
       0.032 |        0.230 |        0.262
       0.198 |        0.257 |        0.455
       0.072 |        0.264 |        0.336
       0.373 |        0.268 |        0.641
       0.625 |        0.235 |        0.861
       0.375 |        0.308 |        0.683
       0.489 |        0.252 |        0.741
       0.586 |        0.245 |        0.830
       0.069 |        0.261 |        0.330
       0.125 |        0.235 |        0.361
       0.157 |        0.289 |        0.446
       0.430 |        0.245 |        0.675
       0.073 |        0.257 |        0.329
       0.158 |        0.238 |        0.396
       0.018 |        0.237 |        0.254
       0.166 |        0.268 |        0.434
       0.069 |        0.282 |        0.351
       0.113 |        0.263 |        0.376
       0.208 |        0.250 |        0.458
       0.162 |        0.273 |        0.435
       0.053 |        0.250 |        0.303
       0.067 |        0.274 |        0.341
       0.052 |        0.239 |        0.291
       0.148 |        0.234 |        0.382
       0.361 |        0.253 |        0.614
       0.589 |        0.247 |        0.836
       0.815 |        0.254 |        1.068
       0.420 |        0.244 |        0.664
       0.403 |        0.260 |        0.663
       0.575 |        0.238 |        0.813
       0.283 |        0.235 |        0.518
       0.069 |        0.339 |        0.407
       0.390 |        0.239 |        0.629
       0.154 |        0.281 |        0.435
       0.457 |        0.263 |        0.721
       0.697 |        0.286 |        0.983
       0.900 |        0.241 |        1.141
       0.729 |        0.235 |        0.964
       0.983 |        0.261 |        1.243
       0.453 |        0.234 |        0.687
       0.717 |        0.234 |        0.951
       0.160 |        0.345 |        0.506
       0.004 |        0.248 |        0.252
       0.163 |        0.261 |        0.424
       0.025 |        0.238 |        0.263
       0.180 |        0.242 |        0.422
       0.170 |        0.235 |        0.405
       0.072 |        0.286 |        0.357
       0.055 |        0.251 |        0.306
       0.161 |        0.289 |        0.450
       0.031 |        0.271 |        0.303
       0.053 |        0.384 |        0.436
       0.053 |        0.240 |        0.293
       0.326 |        0.234 |        0.560
       0.489 |        0.237 |        0.726
       0.361 |        0.235 |        0.596
       0.578 |        0.233 |        0.810
       0.782 |        0.236 |        1.018
       0.673 |        0.234 |        0.907
       0.053 |        0.234 |        0.287
       0.107 |        0.236 |        0.342
       0.210 |        0.247 |        0.457
       0.153 |        0.278 |        0.431
       0.157 |        0.293 |        0.450
       0.072 |        0.289 |        0.361
       0.111 |        0.245 |        0.356
       0.053 |        0.255 |        0.307
       0.038 |        0.356 |        0.394
       0.176 |        0.219 |        0.396
       0.120 |        0.201 |        0.321
       0.057 |        0.226 |        0.283
       0.163 |        0.243 |        0.406
       0.374 |        0.206 |        0.581
       0.036 |        0.207 |        0.242
       0.018 |        0.212 |        0.230
       0.253 |        0.204 |        0.457
       0.389 |        0.262 |        0.651
       0.529 |        0.202 |        0.731
       0.508 |        0.230 |        0.738
       0.144 |        0.229 |        0.373
       0.053 |        0.205 |        0.258
       0.296 |        0.201 |        0.497
       0.323 |        0.221 |        0.544
       0.244 |        0.247 |        0.491
       0.338 |        0.215 |        0.553
       0.518 |        0.217 |        0.735
       0.529 |        0.225 |        0.754
       0.771 |        0.208 |        0.979
       0.292 |        0.199 |        0.492
       0.179 |        0.229 |        0.408
       0.171 |        0.215 |        0.387
       0.213 |        0.212 |        0.425
       0.362 |        0.246 |        0.607
       0.255 |        0.203 |        0.458
       0.384 |        0.202 |        0.585
       0.263 |        0.211 |        0.474
       0.044 |        0.207 |        0.252
       0.159 |        0.248 |        0.407
       0.377 |        0.234 |        0.611
       0.286 |        0.244 |        0.530
       0.145 |        0.203 |        0.348
       0.053 |        0.213 |        0.266
       0.053 |        0.329 |        0.382
       0.220 |        0.260 |        0.480
       0.052 |        0.203 |        0.256
       0.036 |        0.201 |        0.237
       0.052 |        0.201 |        0.253
       0.052 |        0.242 |        0.294
       0.052 |        0.202 |        0.254
       0.272 |        0.206 |        0.478
       0.306 |        0.198 |        0.505
       0.449 |        0.267 |        0.716
       0.479 |        0.217 |        0.696
       0.108 |        0.250 |        0.358
       0.170 |        0.228 |        0.398
       0.391 |        0.314 |        0.705
       0.473 |        0.208 |        0.680
       0.522 |        0.237 |        0.759
       0.395 |        0.317 |        0.712
       0.376 |        0.239 |        0.616
       0.630 |        0.268 |        0.898
       0.878 |        0.215 |        1.093
       0.734 |        0.241 |        0.975
       0.945 |        0.229 |        1.175
       1.182 |        0.208 |        1.391
       0.179 |        0.220 |        0.399
       0.053 |        0.221 |        0.274
       0.052 |        0.214 |        0.266
       0.185 |        0.281 |        0.466
       0.053 |        0.291 |        0.345
       0.139 |        0.333 |        0.472
       0.463 |        0.327 |        0.790
       0.669 |        0.213 |        0.883
       0.467 |        0.225 |        0.692
       0.699 |        0.207 |        0.906
       0.181 |        0.241 |        0.422
       0.298 |        0.211 |        0.510
       0.267 |        0.215 |        0.482
       0.411 |        0.202 |        0.613
       0.053 |        0.241 |        0.294
       0.052 |        0.275 |        0.327
       0.052 |        0.239 |        0.291
       0.238 |        0.210 |        0.448
       0.158 |        0.220 |        0.378
       0.418 |        0.205 |        0.624
       0.565 |        0.203 |        0.768
       0.255 |        0.202 |        0.457
       0.131 |        0.209 |        0.340
       0.064 |        0.205 |        0.270
       0.259 |        0.202 |        0.461
       0.205 |        0.270 |        0.475
       0.055 |        0.264 |        0.319
       0.169 |        0.228 |        0.397
       0.325 |        0.221 |        0.546
       0.577 |        0.203 |        0.780
       0.767 |        0.218 |        0.986
       0.616 |        0.225 |        0.842
       0.739 |        0.199 |        0.939
       0.962 |        0.214 |        1.176
       0.127 |        0.197 |        0.324
       0.052 |        0.202 |        0.254
       0.052 |        0.303 |        0.355
       0.195 |        0.296 |        0.490
       0.144 |        0.249 |        0.392
       0.072 |        0.245 |        0.317
       0.261 |        0.217 |        0.478
       0.277 |        0.207 |        0.484
       0.077 |        0.235 |        0.312
       0.175 |        0.229 |        0.404
       0.152 |        0.209 |        0.362
       0.259 |        0.206 |        0.465
       0.071 |        0.242 |        0.313
       0.070 |        0.226 |        0.296
       0.052 |        0.222 |        0.274
       0.271 |        0.236 |        0.507
       0.052 |        0.225 |        0.277
       0.132 |        0.261 |        0.393
       0.070 |        0.261 |        0.331
       0.052 |        0.220 |        0.272
       0.230 |        0.200 |        0.430
       0.165 |        0.254 |        0.419
       0.370 |        0.236 |        0.606
       0.388 |        0.218 |        0.606
       0.556 |        0.222 |        0.778
       0.167 |        0.250 |        0.417
       0.264 |        0.272 |        0.536
       0.364 |        0.232 |        0.596
       0.447 |        0.225 |        0.672
       0.203 |        0.228 |        0.431
       0.452 |        0.216 |        0.668
       0.667 |        0.238 |        0.905
       0.609 |        0.245 |        0.854
       0.751 |        0.226 |        0.977
       0.483 |        0.223 |        0.706
       0.749 |        0.354 |        1.103
       1.110 |        0.210 |        1.320
       0.054 |        0.237 |        0.291
       0.239 |        0.201 |        0.440
       0.417 |        0.199 |        0.616
       0.160 |        0.291 |        0.451
       0.370 |        0.226 |        0.596
       0.488 |        0.212 |        0.701
       0.600 |        0.220 |        0.820
       0.460 |        0.206 |        0.666
       0.053 |        0.237 |        0.290
       0.052 |        0.218 |        0.270
       0.158 |        0.238 |        0.396
       0.071 |        0.250 |        0.321
       0.066 |        0.216 |        0.282
       0.090 |        0.215 |        0.305
       0.078 |        0.257 |        0.335
       0.069 |        0.241 |        0.310
       0.052 |        0.215 |        0.267
       0.258 |        0.218 |        0.476
       0.178 |        0.236 |        0.414
       0.173 |        0.213 |        0.386
       0.256 |        0.202 |        0.458
       0.056 |        0.219 |        0.275
       0.151 |        0.225 |        0.377
       0.313 |        0.214 |        0.528
       0.053 |        0.215 |        0.268
       0.290 |        0.202 |        0.492
       0.295 |        0.201 |        0.497
       0.428 |        0.214 |        0.642
       0.226 |        0.207 |        0.432
       0.072 |        0.204 |        0.276
       0.095 |        0.212 |        0.307
       0.069 |        0.231 |        0.300
       0.165 |        0.231 |        0.397
       0.056 |        0.227 |        0.283
       0.053 |        0.217 |        0.270
       0.067 |        0.297 |        0.364
       0.052 |        0.203 |        0.255
       0.200 |        0.294 |        0.493
       0.366 |        0.202 |        0.568
       0.187 |        0.274 |        0.461
       0.248 |        0.241 |        0.489
       0.157 |        0.212 |        0.369
       0.013 |        0.202 |        0.215
       0.101 |        0.220 |        0.321
       0.225 |        0.201 |        0.426
       0.260 |        0.219 |        0.479
       0.215 |        0.200 |        0.416
       0.053 |        0.255 |        0.308
       0.174 |        0.268 |        0.443
       0.094 |        0.260 |        0.354
       0.074 |        0.230 |        0.304
       0.068 |        0.262 |        0.331
       0.108 |        0.204 |        0.312
       0.067 |        0.229 |        0.296
       0.052 |        0.215 |        0.267
       0.144 |        0.213 |        0.357
       0.216 |        0.216 |        0.432
       0.100 |        0.215 |        0.315
       0.159 |        0.212 |        0.371
       0.156 |        0.214 |        0.370
       0.148 |        0.224 |        0.372
       0.074 |        0.253 |        0.326
       0.052 |        0.199 |        0.252
       0.234 |        0.199 |        0.434
       0.435 |        0.207 |        0.642
       0.438 |        0.218 |        0.656
       0.447 |        0.197 |        0.644
       0.272 |        0.248 |        0.520
       0.052 |        0.202 |        0.254
       0.286 |        0.207 |        0.493
       0.287 |        0.206 |        0.492
       0.113 |        0.201 |        0.315
       0.196 |        0.281 |        0.477
       0.428 |        0.220 |        0.648
       0.053 |        0.241 |        0.294
       0.233 |        0.343 |        0.576
       0.099 |        0.236 |        0.335
       0.343 |        0.260 |        0.603
       0.411 |        0.253 |        0.663
       0.374 |        0.236 |        0.610
       0.533 |        0.243 |        0.776
       0.604 |        0.237 |        0.841
       0.054 |        0.276 |        0.330
       0.086 |        0.354 |        0.440
       0.162 |        0.347 |        0.509
       0.110 |        0.039 |        0.149
       0.097 |        0.056 |        0.153
       0.053 |        0.047 |        0.101
       0.083 |        0.043 |        0.126
       0.056 |        0.031 |        0.087
       0.053 |        0.052 |        0.104
       0.040 |        0.031 |        0.071
       0.053 |        0.038 |        0.091
       0.158 |        0.045 |        0.204
       0.085 |        0.034 |        0.118
       0.053 |        0.056 |        0.109
       0.053 |        0.080 |        0.133
       0.053 |        0.032 |        0.085
       0.053 |        0.030 |        0.083
       0.160 |        0.039 |        0.199
       0.053 |        0.031 |        0.084
       0.053 |        0.029 |        0.081
       0.170 |        0.046 |        0.215
       0.219 |        0.054 |        0.273
       0.229 |        0.171 |        0.401
       0.165 |        0.143 |        0.309
       0.220 |        0.037 |        0.258
       0.154 |        0.036 |        0.190
       0.033 |        0.031 |        0.064
       0.165 |        0.065 |        0.230
       0.055 |        0.039 |        0.094
       0.077 |        0.111 |        0.188
       0.072 |        0.053 |        0.125
       0.037 |        0.032 |        0.069
       0.004 |        0.051 |        0.056
       0.053 |        0.031 |        0.084
       0.190 |        0.045 |        0.235
       0.213 |        0.044 |        0.256
       0.141 |        0.038 |        0.179
       0.053 |        0.056 |        0.109
       0.069 |        0.053 |        0.122
       0.067 |        0.071 |        0.138
       0.155 |        0.051 |        0.206
       0.160 |        0.034 |        0.194
       0.077 |        0.057 |        0.134
       0.068 |        0.050 |        0.118
       0.053 |        0.031 |        0.083
       0.053 |        0.052 |        0.105
       0.053 |        0.047 |        0.100
       0.169 |        0.033 |        0.202
       0.053 |        0.057 |        0.111
       0.053 |        0.032 |        0.085
       0.053 |        0.046 |        0.098
       0.052 |        0.034 |        0.087
       0.069 |        0.065 |        0.134
       0.067 |        0.072 |        0.138
       0.067 |        0.064 |        0.131
       0.067 |        0.048 |        0.115
       0.053 |        0.049 |        0.101
       0.124 |        0.028 |        0.152
       0.147 |        0.043 |        0.190
       0.094 |        0.030 |        0.124
       0.003 |        0.050 |        0.053
       0.164 |        0.038 |        0.202
       0.053 |        0.108 |        0.161
       0.165 |        0.033 |        0.199
       0.079 |        0.114 |        0.193
       0.071 |        0.041 |        0.112
       0.053 |        0.048 |        0.101
       0.052 |        0.165 |        0.217
       0.177 |        0.026 |        0.203
       0.167 |        0.134 |        0.302
       0.243 |        0.049 |        0.292
       0.062 |        0.031 |        0.092
       0.167 |        0.029 |        0.196
       0.053 |        0.026 |        0.079
       0.066 |        0.073 |        0.139
       0.104 |        0.077 |        0.181
       0.044 |        0.041 |        0.085
       0.007 |        0.026 |        0.033
       0.053 |        0.057 |        0.110
       0.092 |        0.024 |        0.116
       0.190 |        0.035 |        0.226
       0.176 |        0.028 |        0.204
       0.056 |        0.035 |        0.092
       0.053 |        0.025 |        0.077
       0.161 |        0.090 |        0.251
       0.143 |        0.029 |        0.172
       0.155 |        0.035 |        0.190
       0.175 |        0.052 |        0.227
       0.190 |        0.038 |        0.227
       0.071 |        0.079 |        0.150
       0.052 |        0.033 |        0.085
       0.052 |        0.027 |        0.079
       0.052 |        0.024 |        0.076
       0.052 |        0.024 |        0.076
       0.180 |        0.028 |        0.208
       0.165 |        0.039 |        0.204
       0.053 |        0.030 |        0.083
       0.149 |        0.045 |        0.194
       0.053 |        0.050 |        0.103
       0.070 |        0.078 |        0.147
       0.161 |        0.055 |        0.216
       0.249 |        0.042 |        0.291
       0.256 |        0.128 |        0.384
       0.054 |        0.047 |        0.101
       0.003 |        0.060 |        0.064
       0.070 |        0.064 |        0.134
       0.091 |        0.049 |        0.140
       0.071 |        0.068 |        0.139
       0.139 |        0.051 |        0.190
       0.115 |        0.058 |        0.172
       0.069 |        0.065 |        0.134
       0.165 |        0.069 |        0.235
       0.071 |        0.081 |        0.152
       0.076 |        0.070 |        0.145
       0.162 |        0.058 |        0.220
       0.144 |        0.066 |        0.210
       0.102 |        0.058 |        0.160
       0.075 |        0.063 |        0.138
       0.072 |        0.067 |        0.139
       0.055 |        0.106 |        0.162
       0.071 |        0.106 |        0.177
       0.055 |        0.087 |        0.143
       0.146 |        0.212 |        0.358
       0.131 |        0.071 |        0.201
       0.120 |        0.099 |        0.219
       0.056 |        0.113 |        0.169
       0.055 |        0.084 |        0.140
       0.153 |        0.062 |        0.214
       0.244 |        0.088 |        0.332
       0.069 |        0.060 |        0.130
       0.055 |        0.091 |        0.146
       0.162 |        0.092 |        0.254
       0.145 |        0.100 |        0.245
       0.072 |        0.087 |        0.159
       0.165 |        0.062 |        0.227
       0.177 |        0.069 |        0.245
       0.056 |        0.069 |        0.125
       0.069 |        0.085 |        0.155
       0.072 |        0.074 |        0.146
       0.066 |        0.088 |        0.155
       0.171 |        0.100 |        0.271
       0.167 |        0.072 |        0.238
       0.272 |        0.079 |        0.351
       0.071 |        0.068 |        0.139
       0.056 |        0.085 |        0.141
       0.106 |        0.090 |        0.196
       0.065 |        0.063 |        0.128
       0.102 |        0.090 |        0.192
       0.174 |        0.086 |        0.260
       0.057 |        0.079 |        0.136
       0.173 |        0.106 |        0.278
       0.211 |        0.068 |        0.279
       0.056 |        0.088 |        0.145
       0.115 |        0.063 |        0.178
       0.043 |        0.054 |        0.097
       0.055 |        0.080 |        0.135
       0.166 |        0.055 |        0.221
