0.981
1.151
1.342
0.462
0.421
0.337
0.320
0.903
1.190
1.446
1.466
1.431
0.400
0.215
0.263
0.259
0.335
0.358
0.248
0.369
0.564
0.243
0.309
0.465
0.252
0.238
0.290
0.335
0.310
0.390
0.290
0.234
0.254
0.955
0.665
0.461
0.650
0.295
0.411
0.267
0.349
0.395
0.585
0.451
0.212
0.400
0.464
0.220
0.217
0.242
0.456
0.302
0.282
0.275
0.522
0.256
0.326
0.327
0.271
0.264
0.229
0.253
0.370
0.318
0.295
0.262
0.403
0.374
0.254
0.417
0.641
0.971
0.375
0.293
0.308
0.251
0.347
0.568
0.277
0.230
0.232
0.389
0.402
0.476
0.383
0.399
0.469
0.661
0.405
0.292
0.347
0.439
0.574
0.390
0.572
0.430
0.238
0.427
0.254
0.278
0.271
0.229
0.397
0.280
0.596
0.479
0.897
0.253
0.348
0.216
0.376
0.212
0.265
0.244
0.214
0.401
0.548
0.227
0.291
0.220
0.319
0.234
0.382
0.325
0.407
0.212
0.405
0.275
0.436
0.307
0.452
0.334
0.481
0.433
0.339
0.324
0.620
0.796
0.654
0.514
0.801
0.464
0.729
0.580
0.391
0.672
0.342
0.371
0.344
0.329
0.313
0.324
0.276
0.458
0.333
0.308
0.221
0.432
0.470
0.250
0.268
0.268
0.451
0.366
0.227
0.341
0.371
0.228
0.360
0.321
0.329
0.260
0.226
0.347
0.277
0.248
0.358
0.273
0.338
0.467
0.479
0.369
0.336
0.332
0.383
0.431
0.814
2.310
2.198
1.373
1.189
1.354
1.378
1.075
0.801
0.956
0.255
0.322
0.388
0.562
4.018
2.664
2.364
1.544
1.490
3.100
2.538
2.011
1.979
1.502
1.684
0.409
0.660
0.795
6.855
6.848
6.781
6.249
4.737
4.104
3.993
4.101
3.785
3.452
3.112
2.192
2.263
1.355
0.278
0.305
0.490
0.285
0.311
0.461
0.446
0.291
0.283
0.319
0.277
0.292
0.265
0.348
0.289
0.252
0.406
0.231
0.255
0.229
0.745
0.304
0.316
0.594
0.244
0.381
0.318
0.270
0.279
0.603
0.248
0.230
0.247
0.256
0.265
0.254
0.259
0.272
0.289
0.311
0.303
0.539
0.353
0.375
0.243
0.287
0.257
0.262
0.356
0.208
0.216
0.238
0.337
0.449
0.258
0.337
0.221
0.351
0.256
0.450
0.236
0.417
0.287
0.262
0.243
0.280
0.272
0.256
0.224
0.273
0.355
0.271
0.226
0.263
0.245
0.226
0.248
0.177
0.272
7.131
7.092
5.714
5.273
5.108
4.272
4.083
3.735
2.972
2.439
2.494
2.266
1.196
0.378
0.250
0.261
0.409
0.234
0.320
0.221
0.264
0.382
0.344
0.266
0.271
0.310
0.884
0.236
0.299
0.346
0.279
0.242
0.549
0.320
0.415
0.329
0.312
0.312
0.846
0.368
0.283
0.290
0.291
0.303
0.252
0.201
0.365
0.284
2.101
1.080
0.283
0.387
0.379
0.271
0.285
0.397
0.450
0.291
0.418
0.263
0.324
0.282
0.242
0.298
0.304
0.419
0.519
0.213
0.304
0.462
0.813
0.272
0.307
0.405
0.323
0.281
0.269
0.396
0.366
12.937
13.291
12.950
13.194
13.111
11.708
10.584
10.605
10.455
6.490
6.435
5.992
5.830
5.026
5.071
5.308
5.442
5.740
5.640
5.660
5.257
5.191
3.655
0.468
0.730
0.380
0.334
0.442
0.453
0.322
0.344
0.345
0.473
0.469
0.522
0.295
0.274
0.432
0.451
0.442
0.355
0.374
0.699
0.970
0.272
0.247
1.289
1.357
1.484
1.245
1.244
1.161
0.269
0.275
0.309
0.314
0.300
0.479
0.379
0.298
0.564
0.477
0.306
0.246
0.395
0.230
0.261
0.235
0.246
0.235
0.401
0.292
0.305
0.410
0.277
0.267
0.260
0.519
0.395
0.291
0.267
0.254
0.298
0.415
0.646
0.352
0.488
0.404
0.250
0.286
0.419
0.295
0.264
0.266
0.286
0.277
0.346
0.265
0.285
0.392
0.317
0.282
0.393
0.281
0.277
0.246
0.240
0.236
0.338
0.354
0.510
0.247
0.245
0.244
0.474
0.315
0.395
0.295
0.255
0.243
0.255
0.309
0.351
0.260
0.421
0.245
0.367
0.252
0.712
0.321
0.366
0.255
0.300
0.281
0.293
0.336
0.348
0.311
0.381
0.305
0.237
0.309
0.353
0.257
0.233
0.325
0.500
0.616
0.269
0.340
0.389
0.236
0.248
0.347
0.313
0.321
0.410
0.398
0.415
0.431
0.236
0.237
0.227
0.323
0.217
0.243
0.227
0.263
0.367
0.515
0.207
0.342
0.257
0.242
0.357
0.230
0.224
0.211
0.165
0.223
0.224
0.231
0.240
0.494
0.244
0.340
0.480
0.373
0.262
0.222
0.272
0.255
0.262
0.404
0.448
0.611
0.846
0.261
0.277
0.308
0.249
0.447
0.490
0.385
0.292
0.312
0.427
0.334
0.240
0.213
0.271
0.278
0.276
0.279
0.502
0.250
0.275
0.258
0.241
0.285
0.405
0.377
0.224
0.275
0.263
0.250
0.263
0.260
1.058
0.274
0.282
0.270
0.475
0.691
0.663
0.938
0.853
1.022
0.918
0.937
0.289
0.286
0.273
0.235
0.231
0.740
0.493
0.207
0.398
0.342
0.533
0.257
0.278
0.361
0.228
0.239
0.272
0.235
0.215
0.225
0.357
0.488
0.352
0.365
0.318
0.242
0.298
0.309
0.527
0.671
0.224
0.255
0.338
0.277
0.382
0.246
0.276
0.241
0.435
0.575
0.319
0.226
0.243
0.347
0.287
0.191
0.282
0.289
0.221
0.307
0.271
0.183
0.392
0.215
0.215
0.228
0.315
0.256
0.220
0.253
0.353
0.232
0.238
0.230
0.321
0.303
0.380
0.315
0.535
0.637
0.225
0.331
0.301
0.260
0.327
0.235
0.259
0.260
0.295
0.288
0.299
0.234
0.403
0.495
0.275
0.236
0.214
0.337
0.259
0.222
0.203
0.260
0.218
0.229
0.218
0.268
0.235
0.265
0.268
0.235
0.211
0.307
0.264
0.232
0.311
0.367
0.359
0.323
0.388
0.361
0.253
0.331
0.282
0.259
0.444
0.254
0.282
0.463
0.476
0.457
0.276
0.361
0.259
0.290
0.274
0.248
0.178
0.227
0.411
0.580
0.307
0.255
0.223
0.320
0.253
0.263
0.307
0.281
0.259
0.226
0.354
0.275
0.380
0.254
0.281
0.388
0.437
0.389
0.346
0.302
0.237
0.384
0.553
0.288
0.250
0.313
0.247
0.340
0.268
0.267
0.279
0.271
0.283
0.334
0.302
0.281
0.387
0.294
0.276
0.263
0.275
0.253
0.243
0.276
0.252
0.249
0.256
0.257
0.348
0.336
0.422
0.268
0.267
0.378
0.327
0.303
0.254
0.430
0.395
0.664
0.578
0.315
0.382
0.239
0.238
0.265
0.303
0.338
0.240
0.247
0.247
0.256
0.195
0.239
0.294
0.276
0.268
0.301
0.388
0.269
0.256
0.215
0.239
0.269
0.251
0.314
0.295
0.293
0.240
0.280
0.443
0.392
0.270
0.252
0.369
0.447
0.282
0.339
0.421
0.286
0.292
0.405
0.305
0.279
0.268
0.417
0.293
0.387
0.269
0.249
0.260
0.401
0.457
0.659
0.244
0.252
0.305
0.564
0.292
0.315
0.445
0.382
0.507
0.392
0.254
0.389
0.464
0.251
0.245
0.384
0.290
0.290
0.384
0.304
0.289
0.248
0.284
0.553
0.459
0.725
0.212
0.241
0.875
0.256
0.440
0.246
0.241
0.396
0.531
0.471
0.213
0.732
0.637
0.258
0.254
0.237
0.251
0.191
1.263
1.228
1.287
1.643
1.479
0.214
0.196
0.322
0.180
0.651
0.416
0.290
0.321
0.372
0.255
0.426
0.228
0.205
0.230
0.428
0.467
0.755
0.260
0.330
0.265
0.285
0.294
0.402
0.412
0.294
0.363
0.351
0.467
0.425
0.336
0.394
0.499
0.235
0.331
0.468
0.281
0.351
0.438
0.411
0.247
0.492
0.275
0.363
0.257
0.405
0.247
0.370
0.252
0.397
0.262
0.291
0.360
0.235
0.182
0.230
0.225
0.229
0.202
0.203
0.267
0.332
0.209
0.216
0.413
0.367
0.575
0.254
0.207
0.254
0.282
0.452
0.268
0.254
0.401
1.136
0.208
0.282
0.399
0.244
0.219
0.224
0.311
0.234
0.210
0.225
0.204
0.190
0.259
0.188
0.202
0.185
0.311
0.236
0.222
0.242
0.277
0.202
0.213
0.206
0.263
0.180
0.175
0.186
0.190
0.186
0.242
0.249
0.517
0.957
0.246
0.977
0.737
0.169
0.297
0.187
0.306
0.506
0.601
0.312
0.332
0.227
0.182
0.315
0.179
0.179
0.151
1.077
0.178
0.226
0.137
0.174
0.321
0.328
0.210
0.253
0.259
0.316
0.322
0.240
0.188
0.325
0.314
0.221
0.206
0.206
0.168
0.357
0.241
0.222
0.331
0.448
0.214
0.188
0.198
0.190
0.225
0.204
0.155
0.186
0.253
0.276
0.422
0.600
0.219
0.202
0.365
0.436
1.089
0.296
0.434
0.348
0.212
0.306
0.927
0.218
0.267
1.044
0.218
0.194
0.286
0.240
0.364
0.460
0.562
0.635
0.903
0.948
0.609
0.751
0.360
0.210
0.252
0.262
0.354
0.373
0.233
0.353
0.246
0.256
1.023
0.342
0.239
0.276
1.291
0.414
0.407
0.198
0.316
0.315
0.213
0.624
0.603
1.058
0.200
0.367
0.224
0.410
0.345
0.183
0.291
0.382
0.249
0.325
0.247
0.209
0.254
0.727
0.216
0.208
0.246
0.314
0.242
0.275
0.377
0.434
0.362
0.287
0.266
0.282
0.240
0.303
0.256
0.257
0.486
0.217
0.264
0.228
0.229
0.382
0.293
0.251
0.310
0.508
0.234
0.394
0.336
0.243
0.217
0.261
0.279
0.309
0.308
0.369
0.240
0.288
0.212
0.345
0.412
0.768
0.601
0.470
0.423
0.418
0.274
0.469
0.297
0.374
0.411
0.389
0.337
0.306
0.350
0.222
0.239
0.280
0.340
0.427
0.372
0.443
0.269
0.371
0.519
0.294
0.274
0.267
0.288
0.260
0.278
0.285
0.268
0.282
0.269
0.342
0.376
0.689
0.431
0.299
0.412
0.263
0.536
0.280
0.379
0.254
0.261
0.222
0.337
0.246
0.454
0.509
0.638
0.242
0.311
0.362
0.445
0.382
0.271
0.280
0.343
0.237
0.263
0.375
0.486
0.341
0.292
0.420
0.312
0.374
0.400
0.245
1.157
0.678
0.839
0.291
0.273
0.358
0.208
0.326
0.315
0.268
0.524
0.752
0.459
0.272
0.261
0.383
0.230
0.501
0.292
0.273
0.425
0.306
0.469
0.653
0.281
0.360
0.302
0.523
0.311
1.098
0.414
0.497
0.365
0.247
0.270
0.303
0.455
0.479
0.345
0.505
0.308
0.359
0.321
0.432
0.425
0.304
0.347
0.269
0.309
0.289
0.261
0.251
0.193
0.236
0.299
0.394
0.331
0.416
0.319
0.282
0.249
0.237
0.188
0.191
0.255
0.342
0.303
0.396
0.252
0.247
0.462
0.617
0.688
0.380
0.340
0.451
0.237
0.278
0.229
0.397
0.293
0.181
0.175
0.220
0.206
0.299
0.366
0.348
0.280
0.218
0.219
0.215
0.300
0.192
0.239
0.322
0.478
0.230
0.200
0.214
0.222
0.177
0.187
0.313
0.144
0.321
0.210
0.184
0.301
0.314
0.300
0.187
0.328
0.240
0.202
0.309
0.207
0.139
0.323
0.200
0.197
0.311
0.181
0.301
0.297
0.412
0.284
0.417
0.314
0.294
0.298
0.267
0.326
0.231
0.190
0.254
0.216
0.252
0.218
0.239
0.334
0.355
0.244
0.434
0.352
0.328
0.354
0.442
0.334
0.444
0.321
0.307
0.374
0.205
0.299
0.529
0.241
0.501
0.351
0.558
0.484
0.478
0.369
0.327
0.488
0.308
0.381
0.367
0.335
0.645
0.305
0.411
0.724
0.478
0.805
0.609
0.532
0.380
0.345
0.340
0.498
0.528
0.831
0.339
0.273
0.258
0.396
0.619
0.905
0.230
0.230
0.427
0.293
0.335
0.284
0.275
0.291
0.238
0.382
0.258
0.266
0.351
0.245
0.227
0.226
0.364
0.288
0.245
0.351
0.427
0.677
0.748
0.670
0.660
0.285
0.347
0.280
0.491
0.388
0.359
0.304
0.392
0.342
0.295
0.391
0.320
0.395
0.276
0.295
0.396
0.289
0.417
0.470
0.254
0.217
0.354
0.228
0.248
0.251
0.351
0.321
0.206
0.369
0.344
0.226
0.295
0.392
0.298
0.507
0.259
0.316
0.280
0.338
0.378
0.578
0.812
0.240
0.353
0.331
0.442
0.247
0.360
0.568
0.241
0.296
0.264
0.372
0.402
0.490
0.309
0.418
0.388
0.292
0.365
0.378
0.253
0.454
0.383
0.423
0.679
0.669
0.660
0.456
0.304
0.383
0.261
0.256
0.324
0.393
0.480
0.622
0.542
0.559
0.381
0.275
0.358
0.467
0.352
1.088
0.237
0.219
0.251
0.250
0.600
0.273
0.810
0.249
0.856
1.093
0.269
0.320
0.324
0.241
0.512
0.290
0.300
0.150
0.209
0.928
0.995
0.455
0.148
0.303
0.302
0.836
0.700
1.085
0.298
0.307
0.171
0.205
0.263
0.395
0.265
0.382
0.480
0.684
0.186
0.220
0.320
0.156
0.307
0.438
0.567
0.221
0.228
0.171
0.168
0.282
0.301
0.340
0.425
0.300
0.277
0.163
0.207
0.215
0.159
0.288
0.145
0.275
0.273
0.211
0.288
0.305
0.308
0.375
0.198
0.235
0.163
0.262
0.159
0.294
0.215
0.212
0.167
1.077
1.081
0.280
0.294
0.764
0.255
0.327
0.146
0.229
0.801
0.161
0.286
1.014
0.784
0.504
0.497
0.395
0.228
0.286
0.288
0.877
1.058
0.555
0.472
0.320
0.190
0.172
0.290
0.214
0.156
1.127
0.307
0.333
0.383
1.167
0.330
0.236
0.999
0.249
0.375
0.217
0.123
0.197
0.292
1.161
0.675
0.646
0.207
0.298
0.286
1.138
1.130
0.998
0.266
0.285
1.029
0.890
0.315
0.299
0.217
0.301
0.289
0.680
0.166
0.325
0.225
0.151
0.196
0.374
0.449
0.414
0.486
0.166
0.168
0.154
0.204
0.154
0.130
0.146
0.234
1.049
0.304
0.275
0.940
0.829
0.891
0.314
0.161
0.195
0.294
0.796
0.602
0.525
0.562
0.269
0.235
0.949
0.928
0.320
0.186
0.328
0.302
0.232
0.152
0.156
0.998
0.400
0.773
0.654
0.700
0.477
0.162
0.151
0.259
0.192
0.209
0.153
0.754
0.872
0.838
0.936
0.282
0.286
0.157
0.213
0.165
0.974
0.354
0.179
0.285
1.035
0.975
1.081
0.154
0.273
0.157
0.207
0.287
0.211
0.957
0.906
0.369
0.212
1.127
0.353
0.440
0.660
0.189
0.299
0.180
0.227
0.309
1.230
0.749
0.430
0.144
0.183
0.227
0.239
0.966
0.708
1.182
0.630
1.064
0.147
0.286
0.618
1.030
0.170
0.158
0.185
0.298
0.302
0.208
0.213
0.305
0.631
0.250
0.955
0.932
0.342
0.192
0.226
0.191
0.212
0.193
0.156
0.211
0.440
0.303
0.310
0.211
0.165
0.290
0.204
0.166
0.185
0.183
0.996
0.833
0.251
0.284
0.315
0.710
0.293
0.153
0.168
0.221
0.222
0.197
0.284
0.166
0.296
0.271
0.189
0.179
0.215
0.229
0.194
0.242
0.212
0.308
0.342
0.209
0.302
0.215
0.174
0.176
0.193
0.297
0.187
0.286
0.324
0.483
0.323
0.223
0.282
0.290
0.314
0.252
0.327
0.304
0.445
0.433
0.334
0.211
0.957
1.209
0.311
0.358
0.261
0.298
0.455
0.477
0.506
0.296
0.368
0.237
0.515
0.396
0.254
0.271
0.437
0.282
0.277
0.257
0.208
0.338
0.270
0.329
0.387
0.276
0.347
0.292
0.280
0.263
0.300
0.351
0.596
0.258
0.304
0.272
0.193
0.296
0.328
0.260
0.368
0.236
0.284
0.208
0.217
0.249
0.202
0.247
0.310
0.399
0.210
0.273
0.243
0.230
0.187
0.235
0.159
0.251
0.376
0.362
0.471
0.314
0.330
0.214
0.258
0.378
0.286
0.294
0.354
0.244
0.273
0.313
0.270
0.370
0.270
0.266
0.338
0.241
0.350
0.240
0.402
0.347
0.281
0.430
0.322
0.519
0.243
0.229
0.399
0.462
0.456
0.485
0.525
0.710
0.875
0.811
0.982
0.434
0.592
0.221
0.184
0.204
0.337
0.267
0.208
0.198
0.196
0.245
0.231
0.221
0.264
0.413
0.215
0.247
0.201
0.225
0.242
0.239
0.335
0.375
0.425
0.488
0.285
0.233
0.345
0.245
0.287
0.270
0.275
0.249
0.234
0.281
0.261
0.284
0.252
0.285
0.283
0.260
0.280
0.248
0.265
0.313
0.251
0.268
0.412
0.628
0.286
0.270
0.515
0.558
0.781
0.288
0.281
0.287
0.295
0.255
0.254
0.291
0.232
0.419
0.456
0.413
0.292
0.294
0.265
0.243
0.354
0.526
0.564
0.620
0.596
0.941
0.848
0.264
0.446
0.279
0.272
0.426
0.487
0.311
0.233
0.255
0.249
0.306
0.296
0.382
0.286
0.240
0.316
0.456
0.535
0.388
0.382
0.314
0.243
0.260
0.337
0.276
0.266
0.260
0.243
0.399
0.332
0.260
0.400
0.415
0.460
0.426
0.262
0.474
0.394
0.275
0.259
0.254
0.258
0.296
0.353
0.270
0.443
0.320
0.265
0.301
0.442
0.259
0.295
0.334
0.250
0.268
0.225
0.262
0.235
0.255
0.312
0.370
0.186
0.235
0.364
0.306
0.265
0.309
0.278
0.459
0.255
0.407
0.567
0.380
0.193
0.140
0.182
0.173
0.225
0.187
0.177
0.185
0.208
0.183
0.191
0.197
0.248
0.355
0.410
0.213
0.343
0.303
0.531
0.653
0.239
0.240
0.200
0.236
0.284
0.192
0.230
0.372
0.241
0.226
0.225
0.249
0.259
0.192
0.179
0.235
0.372
0.486
0.235
0.249
0.195
0.186
0.308
0.212
0.221
0.213
0.216
0.199
0.191
0.196
0.231
0.188
0.203
0.233
0.295
0.223
0.202
0.243
0.227
0.225
0.250
0.285
0.194
0.291
0.196
0.329
0.428
0.498
0.290
0.274
0.243
0.428
0.233
0.192
0.182
0.222
0.233
0.242
0.365
0.361
0.203
0.253
0.218
0.325
0.253
0.240
0.190
0.236
0.305
0.174
0.297
0.307
0.348
0.228
0.353
0.438
0.243
0.438
0.298
0.233
0.407
0.254
0.401
0.367
0.243
0.374
0.298
0.440
0.240
0.410
0.150
0.212
0.198
0.236
0.182
0.178
0.254
0.216
0.229
0.218
0.412
0.375
0.520
0.547
0.380
0.293
0.406
0.263
0.252
0.307
0.347
0.384
0.373
0.312
0.246
0.370
0.225
0.307
0.188
0.234
0.242
0.220
0.178
0.336
0.185
0.299
0.299
0.356
0.276
0.410
0.175
0.311
0.304
0.283
0.260
0.238
0.204
0.333
0.215
0.202
0.175
0.232
0.400
0.573
0.244
0.350
0.377
0.263
0.245
0.439
0.313
0.540
0.660
0.406
0.221
0.419
0.435
0.617
0.378
0.344
0.380
0.304
0.244
0.134
0.255
0.208
0.262
0.216
0.315
0.370
0.329
0.270
0.262
0.268
0.355
0.537
0.392
0.438
0.440
0.346
0.580
0.265
0.258
0.379
0.566
0.406
0.229
0.226
0.307
0.235
0.238
0.240
0.241
0.216
0.189
0.194
0.177
0.312
0.228
0.320
0.245
0.240
0.233
0.219
0.184
0.293
0.336
0.324
0.195
0.225
0.318
0.336
0.356
0.189
0.200
0.309
0.299
0.186
0.318
0.312
0.202
0.225
0.207
0.290
0.341
0.200
0.230
0.313
0.471
0.466
0.226
0.340
0.373
0.357
0.275
0.266
0.449
0.278
0.318
0.338
0.332
0.454
0.674
0.934
0.296
0.301
0.357
0.332
0.623
0.355
0.404
0.274
0.473
0.359
0.578
0.314
0.322
0.482
0.590
0.342
0.298
0.269
0.234
0.225
0.394
0.232
0.357
0.353
0.520
0.640
0.611
0.478
0.505
0.568
0.398
0.401
0.471
0.794
0.338
0.450
0.377
0.616
0.453
0.411
0.472
0.582
0.512
0.834
0.410
0.527
0.540
0.368
0.378
0.388
0.791
0.353
0.500
0.361
0.361
0.554
0.289
0.335
0.368
0.301
1.164
0.272
0.334
0.340
0.218
0.169
0.214
0.337
0.223
0.243
0.314
0.378
0.489
0.329
0.362
0.236
0.271
0.353
0.356
0.270
0.225
0.253
0.417
0.271
0.257
0.359
0.230
0.224
0.227
0.222
0.327
0.270
0.366
0.372
0.245
0.247
0.363
0.410
0.271
0.241
0.246
0.440
0.285
0.303
0.257
0.276
0.361
0.827
0.746
0.388
0.524
0.349
0.326
0.336
0.473
0.390
0.353
0.444
0.354
1.239
0.832
0.291
0.350
0.239
0.942
1.086
0.586
0.189
0.228
0.315
0.220
1.171
0.921
0.707
0.668
0.801
0.615
0.691
0.162
0.284
0.297
0.808
0.783
0.508
0.449
0.229
0.298
0.139
0.262
0.199
0.167
0.287
0.162
0.854
0.832
0.292
0.295
0.318
0.218
0.825
0.775
0.286
0.307
0.369
0.341
0.440
0.237
0.208
0.172
0.501
0.441
0.253
0.875
0.904
0.173
0.293
0.244
1.142
0.162
1.074
1.057
0.770
0.512
0.530
0.249
0.281
0.191
0.155
0.224
0.483
1.044
0.194
0.267
1.169
0.155
0.152
0.242
0.280
0.286
1.050
0.801
0.280
0.194
0.155
1.146
0.308
1.056
0.258
0.285
0.731
0.297
0.153
0.573
0.404
0.228
0.281
0.207
0.671
1.052
0.193
0.152
0.175
0.240
0.578
1.689
2.912
1.218
1.271
0.861
0.615
1.075
0.412
0.183
0.208
0.323
0.185
0.299
1.055
0.829
0.744
0.280
0.171
0.214
0.304
0.189
0.326
0.302
0.230
0.539
0.319
0.169
0.295
0.113
0.220
0.211
0.123
0.205
0.810
0.429
0.992
0.274
0.400
0.184
0.171
0.289
0.216
0.283
0.659
0.624
0.622
0.159
0.211
1.119
1.047
0.751
0.158
0.171
0.158
0.291
0.225
0.743
0.283
1.170
0.991
0.750
0.761
0.179
0.165
0.290
0.210
0.159
1.131
0.435
0.274
0.327
0.251
0.258
0.391
0.393
0.243
0.235
0.232
0.331
0.211
0.225
0.226
0.203
0.267
0.230
0.402
0.289
0.377
0.247
0.335
0.299
0.210
0.249
0.344
0.307
0.228
0.173
0.276
0.224
0.290
0.303
0.220
0.300
0.738
0.222
0.659
0.479
0.299
0.166
0.215
0.168
0.113
0.191
1.170
0.228
0.974
0.289
1.003
1.108
0.869
0.320
0.999
0.470
0.172
0.288
0.284
0.246
0.156
0.487
1.034
1.151
0.781
0.630
0.282
0.261
0.927
0.709
0.189
0.168
0.192
0.214
0.216
0.267
0.389
0.212
0.216
0.289
0.277
0.289
0.516
0.486
0.478
0.758
0.548
0.293
0.417
0.241
0.369
0.227
0.201
0.357
0.704
0.224
0.238
0.197
0.314
0.363
0.237
0.443
0.210
0.229
0.186
0.221
0.207
0.256
0.754
0.593
0.959
0.374
0.229
0.256
0.237
0.321
0.596
0.984
0.202
0.260
0.398
0.205
0.235
0.181
0.234
1.183
0.942
0.490
0.532
0.439
0.490
0.246
0.295
0.417
0.292
0.544
0.377
0.254
0.462
0.350
0.333
0.237
0.199
0.348
0.542
0.268
0.398
0.256
0.278
0.445
0.350
0.252
0.288
0.232
0.333
0.280
0.288
0.390
0.395
0.271
0.372
0.584
0.730
0.824
0.329
0.296
0.327
0.316
0.368
0.406
0.362
0.551
0.298
0.289
0.257
0.245
0.307
0.280
0.372
0.362
0.218
0.340
1.111
1.239
0.262
0.289
0.346
0.221
0.204
0.216
0.233
0.233
0.243
0.266
0.520
0.698
0.863
1.154
0.256
0.260
0.279
0.223
0.239
1.083
0.982
0.315
0.254
0.333
0.257
0.486
0.629
0.308
0.284
1.079
0.237
0.342
0.431
0.252
0.237
0.301
0.253
0.424
0.202
0.305
0.262
0.251
0.402
0.257
0.256
0.268
0.371
0.252
0.254
0.270
0.282
0.363
0.922
0.219
0.168
0.192
0.293
0.200
0.383
0.279
0.240
0.244
0.256
0.216
0.200
0.210
0.227
0.207
0.308
0.217
0.292
0.290
0.349
0.273
0.242
0.269
0.245
0.272
0.242
0.217
0.255
0.207
0.203
0.325
0.245
0.342
0.532
0.668
0.795
0.307
0.494
0.251
0.503
0.229
0.221
0.211
0.193
0.189
0.255
0.228
0.192
0.211
0.201
0.207
0.356
0.263
0.412
0.635
0.670
0.371
0.317
0.250
0.361
0.545
0.630
0.725
0.255
0.234
0.335
0.258
0.311
0.249
0.466
0.293
0.249
0.271
0.453
0.349
0.507
0.736
0.245
0.304
0.307
0.330
0.376
