0.932
1.131
1.356
0.317
0.528
0.356
0.315
1.145
1.436
1.713
1.737
1.705
0.241
0.233
0.430
0.374
0.450
0.283
0.247
0.409
0.604
0.315
0.389
0.550
0.256
0.244
0.291
0.342
0.424
0.491
0.312
0.305
0.306
0.998
0.714
0.383
0.610
0.438
0.577
0.454
0.437
0.430
0.642
0.532
0.324
0.423
0.546
0.319
0.239
0.346
0.545
0.586
0.378
0.319
0.601
0.452
0.575
0.623
0.266
0.282
0.256
0.239
0.272
0.235
0.237
0.264
0.417
0.375
0.239
0.239
0.340
0.546
0.389
0.229
0.390
0.236
0.399
0.589
0.261
0.217
0.216
0.382
0.392
0.455
0.369
0.348
0.398
0.577
0.370
0.551
0.560
0.662
1.069
1.105
1.493
1.569
1.163
0.393
0.470
0.641
0.353
0.356
0.571
0.346
0.429
0.645
1.073
0.641
0.977
0.927
0.664
0.553
0.581
0.778
0.753
1.153
1.488
1.189
1.389
0.324
0.296
0.225
0.420
0.400
0.429
0.277
0.497
0.468
0.698
0.310
0.328
0.322
0.445
0.375
0.473
0.294
0.553
0.673
0.455
0.294
0.321
0.303
0.232
0.317
0.334
0.498
0.325
0.338
0.353
0.295
0.328
0.330
0.291
0.489
0.422
0.530
0.520
0.806
0.899
0.556
0.603
0.281
0.503
0.443
0.251
0.323
0.374
0.239
0.389
0.404
0.411
0.231
0.401
0.481
0.241
0.390
0.473
0.343
0.488
0.315
0.359
0.302
0.468
0.433
0.416
0.271
0.444
0.436
0.247
0.437
0.259
0.292
0.352
0.247
0.243
0.448
0.365
0.223
0.209
0.319
0.392
0.416
0.232
0.408
0.303
0.333
0.424
0.290
0.217
0.359
0.478
0.408
0.597
0.682
0.350
0.225
0.221
0.257
0.407
0.273
0.226
0.306
0.218
0.254
0.253
0.383
0.408
0.404
0.398
0.401
0.526
0.240
0.405
0.299
0.482
0.481
0.270
0.446
0.314
0.540
0.469
0.462
0.307
0.328
0.526
0.256
0.301
0.283
0.406
0.272
0.435
0.790
0.514
0.311
0.281
0.261
0.302
0.791
0.404
0.234
0.275
0.404
0.399
0.249
0.378
0.402
0.282
0.383
0.424
0.802
0.757
0.926
0.437
0.398
0.499
0.300
0.486
0.439
0.299
0.532
0.359
0.506
0.272
0.294
0.283
0.439
0.256
0.464
0.418
0.435
0.422
0.297
0.305
0.412
0.282
0.393
0.431
0.550
0.706
0.301
0.253
0.394
0.264
0.198
0.279
0.228
0.404
0.278
0.221
0.367
0.256
0.241
0.407
0.273
0.248
0.395
0.274
0.366
0.234
0.356
0.266
0.331
0.409
0.564
0.232
0.331
0.223
0.351
0.452
0.426
0.400
0.277
0.408
0.375
0.419
0.513
0.376
0.384
0.290
0.452
0.457
0.540
0.515
0.485
0.490
0.497
0.316
0.460
0.531
0.451
0.522
0.390
0.498
0.517
0.341
0.486
0.497
0.470
0.363
0.494
0.503
0.507
0.747
0.351
0.351
0.518
0.292
0.436
0.310
0.253
0.403
0.340
0.506
0.310
0.392
0.488
0.484
0.808
0.461
0.301
0.296
0.293
0.283
0.274
0.401
0.367
0.423
0.688
0.341
0.562
0.458
0.387
0.414
0.429
0.248
0.511
0.518
0.293
0.279
0.303
0.313
0.516
0.621
0.877
0.714
0.675
0.201
0.222
0.278
0.452
0.560
0.264
0.257
0.298
0.368
0.665
0.545
0.398
1.179
1.034
0.936
0.727
0.550
0.546
0.404
0.207
0.241
0.327
0.445
0.558
0.218
0.270
0.342
0.150
0.165
0.213
0.131
0.164
0.356
0.170
0.187
0.256
0.402
0.539
0.222
0.268
0.477
0.388
0.217
0.392
0.534
0.246
0.385
0.261
0.262
0.216
0.388
0.449
0.407
0.242
0.251
0.238
0.349
0.552
0.373
0.251
0.195
0.157
0.373
0.375
0.529
0.422
0.621
0.307
0.303
0.357
0.367
0.367
0.225
0.231
0.345
0.256
0.233
0.211
0.258
0.361
0.225
0.280
0.295
0.408
0.408
0.279
0.260
0.268
0.445
0.565
0.793
0.314
0.365
0.351
0.738
0.547
0.590
0.566
0.468
0.520
0.419
0.268
0.403
0.286
0.448
0.250
0.486
0.297
1.006
0.760
1.235
1.390
1.051
0.821
0.522
0.463
0.663
0.578
0.780
0.941
0.924
0.755
0.556
0.390
0.393
0.431
0.807
1.162
1.028
0.555
0.773
0.661
0.579
0.871
0.561
0.548
0.750
0.520
0.504
0.605
0.335
0.343
0.203
0.261
0.440
0.523
0.285
0.403
0.440
0.718
0.449
0.319
0.384
0.390
0.526
0.424
0.476
0.583
0.784
1.054
1.035
0.882
0.334
0.653
0.323
0.487
0.743
0.568
0.382
0.636
0.490
0.568
0.503
0.925
1.226
1.580
1.949
1.210
0.957
0.342
0.322
0.583
0.690
0.652
0.407
0.466
0.634
0.593
0.215
0.219
0.398
0.407
0.287
0.377
0.579
0.413
0.471
0.466
0.268
0.355
0.272
0.263
0.255
0.397
0.216
0.240
0.400
0.232
0.419
0.453
0.576
0.412
0.624
0.964
1.079
1.394
1.427
1.691
1.671
1.762
0.506
0.512
0.472
0.268
0.289
0.299
0.315
0.305
0.519
0.289
0.529
0.250
0.475
0.645
0.432
0.363
0.422
0.267
0.261
0.242
0.431
0.563
0.469
0.407
0.379
0.252
0.407
0.439
0.706
0.900
0.291
0.367
0.280
0.269
0.392
0.248
0.263
0.226
0.398
0.509
0.397
0.226
0.366
0.481
0.418
0.332
0.427
0.347
0.188
0.381
0.281
0.209
0.436
0.220
0.224
0.256
0.450
0.247
0.241
0.273
0.372
0.264
0.180
0.213
0.484
0.360
0.425
0.532
1.036
1.492
1.058
0.379
0.351
0.353
0.474
0.309
0.326
0.376
0.570
0.540
0.558
0.363
0.693
0.940
0.365
0.490
0.535
0.783
0.467
0.296
0.462
0.386
0.345
0.370
0.368
0.657
0.596
0.604
0.554
0.722
0.729
0.996
0.602
0.370
0.618
0.386
0.467
0.552
0.641
0.605
0.656
0.575
0.334
0.378
0.379
0.303
0.400
0.590
0.607
0.409
0.387
0.532
0.271
0.504
0.269
0.400
0.435
0.274
0.477
0.737
0.516
0.291
0.237
0.336
0.495
0.214
0.507
0.484
0.333
0.266
0.434
0.336
0.494
0.501
0.340
0.549
0.715
0.368
0.613
0.434
0.485
0.920
1.402
0.931
1.029
0.543
0.422
0.391
0.494
0.605
0.375
0.547
0.710
0.573
0.413
0.434
0.660
0.350
0.354
0.325
0.389
0.545
0.482
0.344
0.288
0.302
0.268
0.435
0.565
0.595
0.467
0.325
0.325
0.463
0.457
0.325
0.288
0.520
0.468
0.784
0.753
0.437
0.541
0.304
0.330
0.435
0.256
0.431
0.272
0.298
0.278
0.281
0.233
0.237
0.424
0.251
0.239
0.331
0.437
0.267
0.257
0.226
0.230
0.274
0.274
0.418
0.365
0.424
0.253
0.368
0.526
0.469
0.237
0.413
0.414
0.475
0.333
0.470
0.588
0.456
0.468
0.463
0.474
0.331
0.321
0.499
0.486
0.514
0.332
0.272
0.283
0.489
0.616
0.883
0.452
0.242
0.395
0.647
0.352
0.367
0.258
0.418
0.523
0.349
0.444
0.531
0.439
0.321
0.284
0.309
0.497
0.508
0.479
0.488
0.480
0.500
0.556
0.741
0.759
1.162
0.878
0.690
0.359
0.353
0.633
0.308
0.444
0.537
0.545
0.638
0.321
0.541
0.598
0.413
0.351
0.373
0.336
0.427
0.347
0.438
0.624
0.274
0.266
0.452
0.499
0.443
0.399
0.545
0.374
0.290
0.502
0.935
1.078
1.143
1.065
1.151
1.149
0.392
0.367
0.570
0.237
0.226
0.306
0.221
0.254
0.212
0.412
0.392
0.399
0.406
0.497
0.465
0.330
0.540
0.756
0.502
0.696
0.924
0.793
0.497
0.629
0.685
0.383
0.724
0.312
0.323
0.286
0.447
0.274
0.471
0.260
0.466
0.389
0.265
0.455
0.263
0.270
0.285
0.239
0.246
0.236
0.224
0.424
0.286
0.248
0.251
0.442
0.418
0.633
0.331
0.271
0.402
0.224
0.408
0.235
0.265
0.413
0.441
0.352
0.326
0.593
0.287
0.280
0.451
0.657
0.354
0.271
0.375
0.436
0.363
0.515
0.398
0.465
0.388
0.263
0.281
0.265
0.349
0.373
0.230
0.220
0.269
0.403
0.229
0.219
0.218
0.216
0.418
0.308
0.410
0.773
0.306
0.412
0.231
0.222
0.396
0.354
0.234
0.222
0.393
0.562
0.353
0.445
0.402
0.430
0.393
0.246
0.214
0.279
0.381
0.407
0.563
0.581
0.510
0.278
0.327
0.237
0.226
0.258
0.433
0.634
0.357
0.357
0.494
0.441
0.335
0.343
0.355
0.359
0.486
0.524
0.564
0.856
1.155
0.919
0.467
0.343
0.405
0.510
0.544
0.768
0.428
0.373
0.554
0.365
0.601
0.358
0.452
0.618
0.957
0.362
0.447
0.681
0.289
0.276
0.475
0.521
0.586
0.498
0.674
0.511
0.815
1.244
0.421
0.396
0.706
0.339
0.561
0.349
0.572
0.368
0.573
0.484
0.352
0.311
0.466
0.540
0.411
0.496
0.342
0.333
0.352
0.612
0.382
0.540
0.657
1.177
0.586
0.807
0.789
0.341
0.434
0.285
0.484
0.576
0.281
0.474
0.726
0.589
0.832
0.441
0.371
0.436
0.436
0.385
0.382
0.394
0.426
0.578
0.278
0.449
0.444
0.293
0.455
0.259
0.415
0.464
0.538
0.438
0.234
0.286
0.428
0.339
0.457
0.305
0.249
0.402
0.277
0.419
0.299
0.283
0.279
0.460
0.280
0.485
0.497
0.308
0.578
0.615
0.460
0.522
0.484
0.499
0.655
0.867
1.124
0.519
0.562
0.342
0.639
0.668
1.159
1.192
1.242
0.532
0.582
0.327
0.478
0.335
0.510
0.411
0.355
0.497
0.653
0.408
0.398
0.364
0.557
0.486
0.677
0.547
0.573
0.350
0.465
0.457
0.385
0.411
0.304
0.486
0.355
0.308
0.295
0.458
0.537
0.396
0.294
0.547
0.941
0.538
0.327
0.651
0.585
0.581
0.404
0.403
0.357
0.506
0.575
0.343
0.304
0.504
0.588
0.776
0.304
0.305
0.400
0.523
0.405
0.264
0.260
0.305
0.237
0.273
0.439
0.419
0.251
0.431
0.439
0.451
0.403
0.536
0.488
0.664
0.309
0.580
0.344
0.413
0.669
0.544
0.885
1.087
1.245
0.331
0.524
0.456
0.532
0.503
0.456
0.392
0.717
0.307
0.279
0.310
0.488
0.744
1.029
0.489
0.593
0.335
0.305
0.529
0.327
0.358
0.536
0.492
0.448
0.585
0.319
0.638
0.848
0.412
0.697
0.646
0.575
0.416
0.649
0.947
1.085
0.567
0.672
0.856
0.711
0.405
0.327
0.373
0.277
0.522
0.336
0.507
0.400
0.756
0.564
0.567
0.334
0.465
0.607
0.518
0.505
0.331
0.526
0.284
0.288
0.395
0.562
0.660
0.321
0.432
0.549
0.227
0.301
0.201
0.384
0.430
0.282
0.239
0.501
0.692
0.450
0.650
0.753
0.294
0.452
0.281
0.489
0.324
0.340
0.265
0.434
0.698
0.279
0.407
0.406
0.275
0.284
0.260
0.489
0.414
0.390
0.254
0.249
0.359
0.454
0.276
0.412
0.555
0.386
0.299
0.442
0.316
0.393
0.498
0.513
0.325
0.382
0.508
0.345
0.356
0.661
0.701
0.985
0.499
0.564
0.404
0.561
0.497
0.358
0.333
0.530
0.302
0.351
0.299
0.446
0.340
0.477
0.494
1.630
1.121
0.734
0.682
0.640
0.429
0.320
0.217
0.152
0.213
0.168
0.217
0.347
0.163
0.341
0.228
0.277
0.355
0.362
0.234
0.236
0.258
0.369
0.372
0.249
0.407
0.621
0.232
0.238
0.436
0.243
0.408
0.218
0.213
0.441
0.236
0.237
0.274
0.226
0.415
0.245
0.239
0.404
0.409
0.524
0.738
0.294
0.408
0.631
0.434
0.469
0.230
0.410
0.438
0.281
0.432
0.234
0.257
0.387
0.267
0.209
0.247
0.372
0.252
0.482
0.502
0.673
0.989
1.149
1.132
1.169
0.425
0.446
0.447
0.735
0.491
0.516
0.620
0.548
0.529
0.418
0.559
0.362
0.578
0.591
0.412
0.545
0.567
0.866
1.063
0.441
0.561
0.504
0.367
0.519
0.357
0.332
0.481
0.365
0.553
0.512
0.394
0.523
0.472
0.347
0.647
0.307
0.442
0.314
0.324
0.508
0.832
1.171
0.670
0.301
0.467
0.675
0.275
0.297
0.505
0.267
0.283
0.246
0.410
0.382
0.539
0.474
0.515
0.671
0.400
0.583
0.544
0.351
0.670
0.350
0.507
0.834
0.851
0.876
0.701
0.267
0.442
0.232
0.258
0.325
0.394
0.459
0.585
0.465
0.449
0.370
0.270
0.334
0.428
0.454
0.447
0.576
0.743
0.293
0.320
0.360
0.323
0.284
0.516
0.493
0.517
0.498
0.494
0.509
0.521
0.331
0.294
0.521
0.597
0.496
0.337
0.576
0.290
0.282
0.551
0.518
0.360
0.408
0.413
0.498
0.361
0.368
0.304
0.536
0.819
0.829
1.089
0.345
0.379
0.252
0.249
0.460
0.302
0.381
0.616
0.841
0.237
0.415
0.363
0.420
0.304
0.424
0.615
0.820
0.431
0.429
0.426
0.245
0.278
0.317
0.419
0.422
0.428
0.430
0.263
0.332
0.485
0.441
0.627
0.242
0.370
0.310
0.505
0.313
0.340
0.328
0.462
0.488
0.256
0.345
0.443
0.442
0.308
0.464
0.527
0.555
0.305
0.518
0.338
0.463
0.544
0.562
0.495
0.662
0.494
0.453
0.486
0.304
0.294
0.465
0.300
0.402
0.411
0.230
0.266
0.422
0.400
0.270
0.466
0.488
0.330
0.521
0.490
0.533
0.572
0.368
0.409
0.773
0.342
0.451
0.663
0.490
0.475
0.280
0.411
0.467
0.781
0.309
0.446
0.632
0.319
0.490
0.474
0.354
0.437
0.577
0.537
0.361
0.679
0.347
0.496
0.343
0.522
0.326
0.427
0.323
0.332
0.585
0.716
0.311
0.443
0.441
0.333
0.250
0.199
0.282
0.408
0.403
0.238
0.442
0.451
0.483
0.550
0.470
0.504
0.333
0.333
0.475
0.293
0.260
0.321
0.482
0.380
0.457
0.538
0.761
0.332
0.284
0.306
0.531
0.316
0.280
0.406
0.352
0.291
0.407
0.425
0.602
0.493
0.274
0.230
0.423
0.252
0.216
0.213
0.246
0.460
0.512
0.684
0.490
0.412
0.259
0.243
0.364
0.272
0.271
0.249
0.484
0.427
0.502
0.723
0.231
0.435
0.321
0.246
0.306
0.278
0.277
0.344
0.270
0.345
0.313
0.419
0.676
0.453
0.476
0.303
0.262
0.270
0.435
0.637
0.259
0.258
0.236
0.441
0.658
0.482
0.531
0.440
0.476
0.353
0.356
0.524
0.348
0.440
0.398
0.614
0.391
0.393
0.523
0.509
0.623
0.367
0.342
0.511
0.365
0.346
0.539
0.511
0.561
0.684
0.642
0.309
0.360
0.429
0.319
0.352
0.494
0.776
0.327
0.513
0.480
0.640
0.814
0.725
0.915
0.457
0.466
0.544
0.324
0.522
0.504
0.420
0.435
0.270
0.264
0.249
0.274
0.431
0.498
0.603
0.580
0.442
0.454
0.320
0.494
0.330
0.457
0.652
0.347
0.624
0.330
0.695
0.457
0.595
0.695
0.602
0.651
0.622
1.040
0.587
1.022
0.474
0.371
0.622
0.517
0.518
0.378
0.529
0.552
0.905
1.054
0.506
0.527
0.343
0.608
0.450
0.572
0.321
0.450
0.666
0.748
0.810
0.285
0.414
0.258
0.451
0.473
0.371
0.479
0.609
0.485
0.441
0.319
0.391
0.539
0.484
0.459
0.626
0.291
0.377
0.440
0.309
0.291
0.460
0.481
0.838
0.594
0.322
0.350
0.332
0.294
0.443
0.228
0.546
0.294
0.442
0.292
0.445
0.482
0.327
0.480
0.679
0.902
0.659
0.267
0.258
0.277
0.427
0.435
0.475
0.465
0.435
0.436
0.572
0.572
0.370
0.362
0.345
0.456
0.447
0.485
0.332
0.296
0.275
0.472
0.320
0.490
0.297
0.466
0.465
0.294
0.302
0.312
0.445
0.481
0.318
0.322
0.324
0.571
0.306
0.338
0.565
0.697
0.778
0.895
1.028
1.266
1.492
1.463
1.647
1.137
1.328
0.245
0.378
0.379
0.537
0.413
0.232
0.434
0.524
0.295
0.278
0.435
0.522
0.734
0.411
0.238
0.423
0.426
0.254
0.285
0.423
0.441
0.486
0.533
0.221
0.367
0.277
0.233
0.409
0.231
0.478
0.219
0.273
0.314
0.284
0.441
0.490
0.321
0.469
0.280
0.295
0.293
0.289
0.354
0.311
0.271
0.430
0.653
0.271
0.236
0.431
0.415
0.555
0.407
0.276
0.237
0.232
0.225
0.220
0.413
0.225
0.418
0.421
0.371
0.399
0.296
0.288
0.249
0.381
0.555
0.561
0.602
0.556
0.912
0.763
0.200
0.358
0.224
0.231
0.296
0.253
0.185
0.180
0.353
0.358
0.421
0.399
0.399
0.235
0.221
0.229
0.360
0.432
0.390
0.352
0.275
0.454
0.346
0.412
0.270
0.410
0.275
0.235
0.391
0.412
0.238
0.248
0.253
0.298
0.382
0.383
0.255
0.386
0.238
0.233
0.212
0.385
0.406
0.405
0.335
0.298
0.472
0.507
0.399
0.575
0.444
0.299
0.364
0.445
0.384
0.252
0.493
0.260
0.403
0.537
0.421
0.305
0.406
0.516
0.477
0.393
0.431
0.503
0.345
0.348
0.625
0.906
0.323
0.605
0.765
0.747
0.761
0.558
0.420
0.524
0.451
0.327
0.183
0.349
0.348
0.384
0.549
0.646
0.216
0.368
0.209
0.354
0.437
0.235
0.203
0.356
0.316
0.404
0.259
0.324
0.484
0.385
0.334
0.396
0.356
0.245
0.405
0.320
0.404
0.618
0.772
0.583
0.263
0.380
0.245
0.447
0.415
0.236
0.203
0.227
0.252
0.212
0.253
0.204
0.203
0.250
0.255
0.251
0.243
0.393
0.521
0.408
0.481
0.240
0.420
0.215
0.261
0.278
0.471
0.620
0.738
0.463
0.468
0.468
0.703
0.402
0.216
0.216
0.248
0.433
0.470
0.649
0.677
0.249
0.400
0.378
0.506
0.511
0.292
0.283
0.295
0.414
0.383
0.284
0.432
0.598
0.274
0.435
0.445
0.473
0.714
0.334
0.224
0.443
0.330
0.337
0.445
0.276
0.448
0.393
0.571
0.418
0.512
0.324
0.411
0.448
0.282
0.247
0.353
0.531
0.241
0.319
0.277
0.392
0.278
0.436
0.474
0.474
0.309
0.484
0.427
0.285
0.277
0.450
0.371
0.489
0.558
0.584
0.318
0.271
0.471
0.304
0.372
0.393
0.273
0.287
0.542
0.352
0.450
0.468
0.632
0.279
0.518
0.256
0.517
0.390
0.269
0.540
0.724
0.696
0.404
0.524
0.687
0.335
0.314
0.297
0.539
0.268
0.409
0.326
0.532
0.479
0.417
0.376
0.652
0.816
0.533
0.377
0.431
0.424
0.661
0.458
0.473
0.336
0.356
0.293
0.389
0.571
0.614
0.537
0.701
1.032
1.273
0.362
0.322
0.361
0.330
0.531
0.846
0.830
0.547
0.591
0.335
0.570
0.314
0.287
0.463
0.637
0.594
0.537
0.250
0.424
0.237
0.270
0.316
0.396
0.263
0.229
0.416
0.260
0.409
0.251
0.416
0.404
0.257
0.469
0.257
0.252
0.482
0.474
0.459
0.280
0.397
0.301
0.465
0.595
0.535
0.502
0.442
0.310
0.245
0.425
0.329
0.289
0.307
0.419
0.621
0.500
0.482
0.456
0.318
0.572
0.666
0.251
0.427
0.523
0.425
0.376
0.245
0.276
0.232
0.464
0.265
0.239
0.290
0.426
0.580
0.256
0.208
0.208
0.204
0.323
0.392
0.440
0.310
0.492
0.419
0.562
0.192
0.392
0.545
0.644
0.209
0.202
0.370
0.323
0.247
0.430
0.262
0.370
0.368
0.410
0.420
0.268
0.224
0.504
0.413
0.313
0.301
0.452
0.650
0.274
0.286
0.279
0.514
0.303
1.083
0.957
0.843
0.231
0.631
0.536
0.200
0.288
0.226
0.217
0.225
0.337
0.168
0.406
0.238
0.370
0.389
0.188
0.424
0.394
0.276
0.379
0.390
0.479
0.353
0.221
0.189
0.248
0.348
0.222
0.343
0.255
0.337
0.483
0.281
0.423
0.236
0.374
0.482
0.419
0.283
0.188
0.226
0.397
0.256
0.219
0.368
0.234
0.220
0.258
0.220
0.322
0.246
0.407
0.416
0.301
0.217
0.454
0.584
0.296
0.306
0.313
0.592
0.333
0.391
0.360
0.396
0.413
0.415
0.402
0.536
0.810
0.371
0.372
0.316
0.317
0.599
0.365
0.457
0.319
0.495
0.504
0.351
0.521
0.341
0.350
0.528
0.333
0.330
0.484
0.427
0.498
0.366
0.325
0.594
0.885
1.339
1.544
1.945
1.609
1.304
0.336
0.475
0.674
0.605
0.740
0.592
0.451
0.521
0.520
0.361
0.600
0.543
0.779
0.445
0.551
0.553
0.589
0.480
0.652
0.815
1.132
0.590
0.569
0.912
1.131
0.512
0.552
0.776
0.494
0.538
0.718
0.748
0.506
0.728
0.295
0.321
0.479
0.446
0.310
0.299
0.455
0.335
0.236
0.389
0.252
0.408
0.446
0.319
0.268
0.373
0.281
0.424
0.579
0.322
0.495
0.645
0.500
0.499
0.351
0.490
0.457
0.356
0.489
0.619
0.313
0.458
0.299
0.447
0.466
0.522
0.292
0.324
0.324
0.351
0.485
0.558
0.349
0.466
0.326
0.456
0.425
0.301
0.468
0.574
0.287
0.261
0.407
0.610
0.347
0.431
0.426
0.365
0.483
0.380
0.460
0.241
0.456
0.457
0.339
0.352
0.363
0.450
0.304
0.521
0.584
0.565
0.616
0.556
0.490
0.683
0.768
0.536
0.776
0.893
1.239
1.461
1.346
1.131
1.007
0.474
0.518
0.852
0.823
1.002
0.300
0.356
0.558
0.485
0.652
0.817
0.246
0.438
0.612
0.517
0.457
0.332
0.385
0.379
0.292
0.423
0.367
0.505
0.558
0.565
0.508
0.752
0.304
0.583
0.334
0.451
0.435
0.277
0.484
0.624
0.913
1.005
0.763
0.502
0.350
0.487
0.315
0.305
0.324
0.292
0.275
0.270
0.263
0.256
0.439
0.677
0.629
0.435
0.284
0.460
0.271
0.266
0.374
0.244
0.285
0.263
0.185
0.373
0.459
0.414
0.296
0.293
0.461
0.442
0.263
0.285
0.229
0.389
0.402
0.280
0.457
0.570
0.460
0.412
0.566
0.326
0.414
0.553
0.945
0.934
0.603
0.568
0.288
0.285
0.395
0.445
0.302
0.252
0.438
0.406
0.667
0.424
0.382
0.425
0.468
0.321
0.259
0.465
0.552
0.726
0.558
0.232
0.405
0.643
0.177
0.437
0.660
0.264
0.526
0.473
0.630
0.786
0.261
0.261
0.243
0.431
0.298
0.285
0.431
0.436
0.641
0.253
0.277
0.235
0.239
0.422
0.533
0.471
0.805
0.613
0.758
0.834
0.745
0.841
0.588
0.263
0.234
0.405
0.299
0.380
0.244
0.236
0.402
0.418
0.269
0.440
0.539
0.806
0.702
0.403
0.439
0.416
0.593
0.409
0.225
0.416
0.274
0.288
0.227
0.398
0.261
0.399
0.598
0.455
0.416
0.681
0.622
0.627
0.353
0.316
0.445
0.687
0.270
0.438
0.258
0.425
0.555
0.271
0.247
0.428
0.321
0.425
0.252
0.446
0.534
0.620
0.325
0.392
0.582
0.748
0.855
0.358
0.269
0.421
0.404
0.436
0.439
0.513
0.731
0.445
0.272
0.264
0.278
0.409
0.251
0.485
0.466
0.318
0.451
0.282
0.482
0.482
0.682
0.885
0.771
0.779
0.654
0.279
0.290
0.570
0.559
0.914
1.196
1.458
0.409
0.445
0.456
0.461
0.516
0.632
0.304
0.266
0.302
0.311
0.479
0.295
0.320
0.588
0.357
0.364
0.523
0.534
0.549
0.809
0.305
0.318
0.510
0.574
0.967
0.620
0.503
0.353
0.431
0.625
0.280
0.298
0.466
0.448
0.278
0.219
0.439
0.286
0.420
0.390
0.438
0.493
0.362
0.546
0.509
0.739
0.383
0.413
0.275
0.278
0.385
0.361
0.258
0.286
0.493
0.648
0.597
0.290
0.351
0.484
0.486
0.424
0.447
0.269
0.366
0.429
0.408
0.288
0.285
0.306
0.418
0.259
0.283
0.468
0.631
0.757
0.215
0.360
0.221
0.407
0.386
0.345
0.220
0.399
0.328
0.394
0.407
0.338
0.410
0.394
0.223
0.435
0.253
0.407
0.576
0.580
0.243
0.439
0.205
0.324
0.495
0.557
0.628
0.226
0.215
0.450
0.231
0.260
0.255
0.490
0.327
0.339
0.234
0.509
0.470
0.700
0.983
0.553
0.629
0.506
0.532
0.474
