0.142
0.225
0.122
0.228
0.364
0.474
0.268
0.297
0.351
0.651
0.588
0.916
0.855
0.589
0.285
0.477
0.669
0.412
0.438
0.362
0.344
0.289
0.410
0.568
0.348
0.583
0.265
0.234
0.285
0.316
0.420
0.706
0.465
0.596
0.613
0.424
0.513
0.583
0.268
0.465
0.699
0.400
0.346
0.372
0.526
0.678
0.781
0.966
0.737
0.303
0.304
0.285
0.251
0.309
0.558
0.421
0.220
0.293
0.451
0.437
0.275
0.342
0.213
0.295
0.317
0.541
0.526
0.549
0.748
0.846
0.543
0.253
0.421
0.378
0.352
0.300
0.304
0.486
0.515
0.398
0.639
0.390
0.404
0.383
0.380
0.321
0.610
0.251
0.202
0.319
0.300
0.293
0.535
0.742
0.336
0.289
0.540
0.417
0.275
0.390
0.259
0.305
0.390
0.402
0.480
0.679
0.284
0.532
0.698
0.757
0.667
0.544
0.769
0.265
0.253
0.336
0.340
0.594
0.830
0.747
0.317
0.272
0.456
0.589
0.383
0.588
0.269
0.407
0.516
0.509
0.397
0.349
0.342
0.252
0.479
0.361
0.512
0.467
0.253
0.385
0.319
0.535
0.277
0.400
0.308
0.287
0.293
0.535
0.672
0.393
0.413
0.527
0.733
0.904
0.602
0.416
0.266
0.514
0.266
0.555
0.463
0.676
0.374
0.460
0.263
0.424
0.317
0.408
0.612
0.778
0.968
1.059
1.127
0.951
0.489
0.268
0.363
0.432
0.412
0.558
0.596
0.730
0.891
0.807
0.312
0.337
0.393
0.387
0.317
0.618
0.367
0.544
0.769
0.441
0.277
0.395
0.320
0.426
0.525
0.327
0.602
0.290
0.301
0.475
0.721
0.403
0.531
0.588
0.760
0.739
0.434
0.719
1.008
0.972
1.196
1.095
1.135
0.429
0.495
0.760
0.601
0.384
0.505
0.419
0.540
0.825
0.986
1.252
1.562
0.895
0.777
0.469
0.734
0.831
1.066
1.253
1.101
1.380
0.969
1.238
0.368
0.387
0.345
0.293
0.317
0.517
0.391
0.314
0.267
0.315
0.291
0.302
0.294
0.288
0.551
0.498
0.740
0.924
0.760
0.538
0.274
0.252
0.305
0.227
0.301
0.378
0.467
0.325
0.428
0.269
0.416
0.319
0.429
0.404
0.276
0.392
0.400
0.374
0.563
0.283
0.481
0.668
0.751
0.284
0.328
0.287
0.435
0.402
0.310
0.314
0.472
0.634
0.643
0.620
0.329
0.537
0.409
0.309
0.496
0.733
0.612
0.701
0.503
0.294
0.370
0.278
0.391
0.545
0.255
0.458
0.412
0.625
0.614
0.297
0.410
0.362
0.390
0.319
0.324
0.290
0.499
0.437
0.538
0.387
0.264
0.281
0.293
0.493
0.428
0.318
0.385
0.554
0.761
0.738
0.420
0.582
0.724
0.531
0.332
0.351
0.258
0.414
0.325
0.310
0.384
0.411
0.325
0.258
0.383
0.406
0.457
0.668
0.382
0.482
0.261
0.429
0.310
0.489
0.301
0.279
0.233
0.386
0.251
0.428
0.502
0.568
0.254
0.362
0.378
0.579
0.417
0.487
0.551
0.646
0.470
0.395
0.399
0.630
0.454
0.399
0.594
0.298
0.253
0.486
0.632
0.529
0.281
0.388
0.295
0.363
0.222
0.262
0.234
0.328
0.504
0.306
0.345
0.313
0.337
0.445
0.269
0.423
0.613
0.297
0.298
0.257
0.311
0.542
0.237
0.276
0.733
0.313
0.280
0.498
0.571
0.716
0.416
0.246
0.340
0.253
0.209
0.374
0.492
0.588
0.503
0.325
0.454
0.332
0.398
0.230
0.452
0.358
0.262
0.458
0.264
0.266
0.452
0.650
0.384
0.385
0.588
0.625
0.423
0.248
0.400
0.549
0.238
0.393
0.429
0.267
0.342
0.429
0.575
0.774
0.318
0.484
0.299
0.284
0.429
0.546
0.259
0.391
0.394
0.435
0.214
0.262
0.455
0.336
0.641
0.861
0.683
0.741
0.830
0.330
0.361
0.446
0.675
0.329
0.396
0.254
0.434
0.351
0.376
0.458
0.435
0.303
0.341
0.291
0.382
0.614
0.836
1.068
0.664
0.663
0.813
0.518
0.407
0.629
0.435
0.721
0.983
1.141
0.964
1.243
0.687
0.951
0.506
0.252
0.424
0.263
0.422
0.405
0.357
0.306
0.450
0.303
0.436
0.293
0.560
0.726
0.596
0.810
1.018
0.907
0.287
0.342
0.457
0.431
0.450
0.361
0.356
0.307
0.394
0.396
0.321
0.283
0.406
0.581
0.242
0.230
0.457
0.651
0.731
0.738
0.373
0.258
0.497
0.544
0.491
0.553
0.735
0.754
0.979
0.492
0.408
0.387
0.425
0.607
0.458
0.585
0.474
0.252
0.407
0.611
0.530
0.348
0.266
0.382
0.480
0.256
0.237
0.253
0.294
0.254
0.478
0.505
0.716
0.696
0.358
0.398
0.705
0.680
0.759
0.712
0.616
0.898
1.093
0.975
1.175
1.391
0.399
0.274
0.266
0.466
0.345
0.472
0.790
0.883
0.692
0.906
0.422
0.510
0.482
0.613
0.294
0.327
0.291
0.448
0.378
0.624
0.768
0.457
0.340
0.270
0.461
0.475
0.319
0.397
0.546
0.780
0.986
0.842
0.939
1.176
0.324
0.254
0.355
0.490
0.392
0.317
0.478
0.484
0.312
0.404
0.362
0.465
0.313
0.296
0.274
0.507
0.277
0.393
0.331
0.272
0.430
0.419
0.606
0.606
0.778
0.417
0.536
0.596
0.672
0.431
0.668
0.905
0.854
0.977
0.706
1.103
1.320
0.291
0.440
0.616
0.451
0.596
0.701
0.820
0.666
0.290
0.270
0.396
0.321
0.282
0.305
0.335
0.310
0.267
0.476
0.414
0.386
0.458
0.275
0.377
0.528
0.268
0.492
0.497
0.642
0.432
0.276
0.307
0.300
0.397
0.283
0.270
0.364
0.255
0.493
0.568
0.461
0.489
0.369
0.215
0.321
0.426
0.479
0.416
0.308
0.443
0.354
0.304
0.331
0.312
0.296
0.267
0.357
0.432
0.315
0.371
0.370
0.372
0.326
0.252
0.434
0.642
0.656
0.644
0.520
0.254
0.493
0.492
0.315
0.477
0.648
0.294
0.576
0.335
0.603
0.663
0.610
0.776
0.841
0.330
0.440
0.509
0.149
0.153
0.101
0.126
0.087
0.104
0.071
0.091
0.204
0.118
0.109
0.133
0.085
0.083
0.199
0.084
0.081
0.215
0.273
0.401
0.309
0.258
0.190
0.064
0.230
0.094
0.188
0.125
0.069
0.056
0.084
0.235
0.256
0.179
0.109
0.122
0.138
0.206
0.194
0.134
0.118
0.083
0.105
0.100
0.202
0.111
0.085
0.098
0.087
0.134
0.138
0.131
0.115
0.101
0.152
0.190
0.124
0.053
0.202
0.161
0.199
0.193
0.112
0.101
0.217
0.203
0.302
0.292
0.092
0.196
0.079
0.139
0.181
0.085
0.033
0.110
0.116
0.226
0.204
0.092
0.077
0.251
0.172
0.190
0.227
0.227
0.150
0.085
0.079
0.076
0.076
0.208
0.204
0.083
0.194
0.103
0.147
0.216
0.291
0.384
0.101
0.064
0.134
0.140
0.139
0.190
0.172
0.134
0.235
0.152
0.145
0.220
0.210
0.160
0.138
0.139
0.162
0.177
0.143
0.358
0.201
0.219
0.169
0.140
0.214
0.332
0.130
0.146
0.254
0.245
0.159
0.227
0.245
0.125
0.155
0.146
0.155
0.271
0.238
0.351
0.139
0.141
0.196
0.128
0.192
0.260
0.136
0.278
0.279
0.145
0.178
0.097
0.135
0.221
